1.609431687174834525e-05
2.432766682961082650e-04
4.958009082804526024e-04
7.201934309959714909e-04
9.131758512760161607e-04
1.084361434493764584e-03
1.246558340003581971e-03
1.406640784226876164e-03
1.567125790578154966e-03
1.729006693436365349e-03
1.893152436140751278e-03
2.060025847069083330e-03
2.229795233219861519e-03
2.402334554633990538e-03
2.577253367834644957e-03
2.754144017490185985e-03
2.932481748629031833e-03
3.111765464572773757e-03
3.291514834766155230e-03
3.471376266842466935e-03
3.650694873818827093e-03
3.829316784457451831e-03
4.006941012009149726e-03
4.183273775831082911e-03
4.358009934701452016e-03
4.530888592685172050e-03
4.701625660314784697e-03
4.870019555345345835e-03
5.035843972416360892e-03
5.198970439456251577e-03
5.359281773085997590e-03
5.516597074318894608e-03
5.670276128160690529e-03
5.820783176656281997e-03
5.968145219139021386e-03
6.112252219254433495e-03
6.252344755113466504e-03
6.389382828040741751e-03
6.523358727707913828e-03
6.653047475611596588e-03
6.779806146683239540e-03
6.903042859184555825e-03
7.022358890257060157e-03
7.138984902498096349e-03
7.250785296772196270e-03
7.359966645311899307e-03
7.464812538047449833e-03
7.566573480067708725e-03
7.664416106356333747e-03
7.759026840820233348e-03
7.850032223386340519e-03
7.937798408131507139e-03
8.021999250323607472e-03
8.103372601442887860e-03
8.180936567699663084e-03
8.256170775136793469e-03
8.327166119147501322e-03
8.396162299178906024e-03
8.460999706731966649e-03
8.523228963627825852e-03
8.582319426141005875e-03
8.638061151028468207e-03
8.691890777323813683e-03
8.741177686987924161e-03
8.788748653282225931e-03
8.833468407848403189e-03
8.875193281619831592e-03
8.915000340118566305e-03
8.951892782428022902e-03
8.986581698255240516e-03
9.019409235396156493e-03
9.049404261850744688e-03
9.077543569734261922e-03
9.103819919051651596e-03
9.127590453868407797e-03
9.149593293465627802e-03
9.169827033978356773e-03
9.188039093878110422e-03
9.204542444924693895e-03
9.219360140705677373e-03
9.233124888025500895e-03
9.245316133277428974e-03
9.255900425393946696e-03
9.265998537419137954e-03
9.275526987061667727e-03
9.283410162948294367e-03
9.290442854690354399e-03
9.298522605038427383e-03
9.305165707226942598e-03
9.310394813678873893e-03
9.317066899725711185e-03
9.323910097045357351e-03
9.329441622359782582e-03
9.333642355864131199e-03
9.342239057663332888e-03
9.349898160394852498e-03
9.356374823612748082e-03
9.362398511239938478e-03
9.374411461865295170e-03
9.385358504532028898e-03
9.395251046237333703e-03
9.404856227630983140e-03
9.422306451122674023e-03
9.438827654678782000e-03
9.454429734518352696e-03
9.469168269771547145e-03
9.492218009616365179e-03
9.515565523899212341e-03
9.538123757103755471e-03
9.559901068350312378e-03
9.586313311620183603e-03
9.616565129223954983e-03
9.646136940291649697e-03
9.675075850115753828e-03
9.703404889984666368e-03
9.740423830225950277e-03
9.776904115011286409e-03
9.812810915639883294e-03
9.848149081495862628e-03
9.885445955168518581e-03
9.928442324010945674e-03
9.970949159760945577e-03
1.001297476820143910e-02
1.005450569415899421e-02
1.009796022807074936e-02
1.014471968510521904e-02
1.019112388111135387e-02
1.023710800520139137e-02
1.028267853084465118e-02
1.032855500250106848e-02
1.037616545892863958e-02
1.042339874573428894e-02
1.047025108672746535e-02
1.051672447090865568e-02
1.056282999307365904e-02
1.060891742019817036e-02
1.065468243570507657e-02
1.070009707795952295e-02
1.074515779972711783e-02
1.078986929042893318e-02
1.083308034914755649e-02
1.087396826678651944e-02
1.091450861811263384e-02
1.095470649057565631e-02
1.099449185926587060e-02
1.103408127129647427e-02
1.106898098965691454e-02
1.110052167678639984e-02
1.113170561023433223e-02
1.116253778489817439e-02
1.119302205377660855e-02
1.122315762860176709e-02
1.124747752807547622e-02
1.126724734044991065e-02
1.128664390097447630e-02
1.130567765091111503e-02
1.132440394643210828e-02
1.134265611823287619e-02
1.135716932111561356e-02
1.136316249701847282e-02
1.136876603320251949e-02
1.137398509298828513e-02
1.137882656099850967e-02
1.138328564288989229e-02
1.138736667648149702e-02
1.138030516031082913e-02
1.136958230438018559e-02
1.135845111141944169e-02
1.134691068614346841e-02
1.133497018743037307e-02
1.132263090726869960e-02
1.130989631364967031e-02
1.128265977730612268e-02
1.125454319242112471e-02
1.122600470285324559e-02
1.119704546807894635e-02
1.116766280440057921e-02
1.113786889712960193e-02
1.110766653244873135e-02
1.106420094008603999e-02
1.101869593964660034e-02
1.097275485204997174e-02
1.092637661817147388e-02
1.087956941290483745e-02
1.083233585176682570e-02
1.078468215715254475e-02
1.072869405961453942e-02
1.066486496208329630e-02
1.060058097024057025e-02
1.053584824999101097e-02
1.047067628279599837e-02
1.040514932713799794e-02
1.033901702104884392e-02
1.027254069737116790e-02
1.019375993591919126e-02
1.011225274838099993e-02
1.003028973029263665e-02
9.947877816473202350e-03
9.865020380025112459e-03
9.781726521487765433e-03
