9.398125968360649722e-06
1.133888549573906969e-04
2.357297873711678370e-04
3.454950790394824495e-04
4.414339099128559182e-04
5.237386872484466743e-04
5.984224655501773314e-04
6.704125434803105644e-04
7.414901944144613403e-04
8.119559381713593394e-04
8.821542635273259486e-04
9.524822790708891655e-04
1.023298342402560041e-03
1.094804858700697357e-03
1.167011048908977913e-03
1.239845033052894025e-03
1.313189454722263512e-03
1.386910619139238021e-03
1.460864391852858624e-03
1.534952695234879667e-03
1.608994988489458999e-03
1.682946264653351802e-03
1.756729969447989176e-03
1.830253126407032412e-03
1.903394018120398287e-03
1.976055774156501924e-03
2.048110372093625998e-03
2.119481576286445963e-03
2.190065828486427620e-03
2.259806802580189428e-03
2.328643086185759516e-03
2.396484729903351676e-03
2.463066580484352293e-03
2.528544857472722791e-03
2.592918172863339574e-03
2.656127243970584934e-03
2.717848677224481060e-03
2.778457409545827608e-03
2.837933652136471075e-03
2.895758490568463468e-03
2.952474663162783005e-03
3.007822753807143715e-03
3.061626529163941849e-03
3.114377741144677518e-03
3.165182821631853591e-03
3.214944367600607467e-03
3.262930969330629909e-03
3.309661409067043893e-03
3.354776063806200193e-03
3.398553647507022296e-03
3.440808805461544745e-03
3.481756465583681764e-03
3.521181480421311637e-03
3.559417873664409097e-03
3.596031900151565232e-03
3.631667428745174661e-03
3.665478234401565224e-03
3.698451555502389482e-03
3.729566105882683395e-03
3.759662538131432630e-03
3.788350916648051091e-03
3.815577803402365152e-03
3.841957541011142147e-03
3.866427591279328422e-03
3.890061544115878869e-03
3.912469738691600092e-03
3.933541561908077827e-03
3.953845327587060011e-03
3.972714045169543039e-03
3.990661710718724706e-03
4.007814889240972692e-03
4.023617986875151209e-03
4.038582535279409101e-03
4.052816554342263816e-03
4.065905221453754506e-03
4.078003004436428838e-03
4.089447179045895692e-03
4.099854901572212718e-03
4.109526379787991485e-03
4.118470716919298176e-03
4.126789740373870349e-03
4.134409970876832402e-03
4.141335275374754578e-03
4.147974933314441809e-03
4.154188286736622791e-03
4.159745058715941246e-03
4.164882849413064150e-03
4.170308243673618784e-03
4.175101769749689842e-03
4.179286307523364351e-03
4.183971481690141637e-03
4.188662241629331241e-03
4.192780513080947638e-03
4.196332744953138773e-03
4.201621353162035208e-03
4.206512488075603295e-03
4.210877006408811872e-03
4.215034321527237442e-03
4.221705237579762363e-03
4.227910401227555175e-03
4.233655075730569615e-03
4.239270074125204950e-03
4.248266072767477482e-03
4.256857741813916025e-03
4.265047964920835183e-03
4.272842853669785688e-03
4.284333390069426824e-03
4.295940687249301566e-03
4.307206270114968642e-03
4.318132620684107977e-03
4.331126547116208488e-03
4.345837256295215049e-03
4.360233134061608853e-03
4.374342990050441617e-03
4.388215036291659779e-03
4.405956861651925092e-03
4.423452476590750831e-03
4.440702645704324575e-03
4.457709385528317407e-03
4.475589018832331831e-03
4.495969022236747867e-03
4.516146369917406131e-03
4.536118348329122064e-03
4.555854440225196381e-03
4.576440052453218180e-03
4.598479063224259096e-03
4.620338209724488519e-03
4.642010189905101426e-03
4.663518781766797308e-03
4.685109729853891535e-03
4.707393897557829963e-03
4.729497824893675109e-03
4.751438520266076070e-03
4.773211491957946029e-03
4.794821323926094607e-03
4.816248372734625686e-03
4.837512525636492207e-03
4.858619587869622558e-03
4.879566331522831001e-03
4.900355080964279020e-03
4.920429209722010193e-03
4.939235401319944443e-03
4.957920198155356048e-03
4.976443944645140421e-03
4.994809362451088468e-03
5.013009843575292647e-03
5.029038308575100799e-03
5.043445691759425482e-03
5.057700179346869863e-03
5.071766844317360072e-03
5.085670778312332586e-03
5.099402800911585591e-03
5.110426656789817355e-03
5.119328123708103036e-03
5.128040686372413275e-03
5.136569827806631086e-03
5.144915345227750805e-03
5.153073841763955616e-03
5.159481918331133843e-03
5.161979822315758588e-03
5.164276685789974050e-03
5.166373733122590559e-03
5.168273416812596728e-03
5.169973991782788290e-03
5.171472745614860526e-03
5.167941089302493032e-03
5.162732770480637362e-03
5.157308796910129237e-03
5.151668087771569399e-03
5.145813829411687718e-03
5.139746143718056277e-03
5.133465626712253524e-03
5.120694033452868367e-03
5.107491257046248463e-03
5.094062652368533221e-03
5.080407676317474572e-03
5.066523695311454974e-03
5.052416792015259478e-03
5.038094747680349830e-03
5.017850100731423117e-03
4.996667471138300891e-03
4.975249120836035786e-03
4.953593079081059468e-03
4.931702965357314533e-03
4.909429133993867093e-03
4.887224844591524231e-03
4.861158423947674681e-03
4.831576901303295639e-03
4.801790001748241533e-03
4.771737154566348289e-03
4.741444326170236694e-03
4.710935101979874494e-03
4.680150625125762028e-03
4.649122999465565322e-03
4.612692274910379885e-03
4.574942677580924773e-03
4.536980375528237332e-03
4.498772249350681436e-03
4.460318321954245824e-03
4.421623374783387878e-03
