1.791492082767541692e-05
2.802763443509246038e-04
5.687638139462218535e-04
8.239888755593317415e-04
1.043783769638867995e-03
1.240681302021516075e-03
1.428820611156059704e-03
1.615524548291847164e-03
1.803544674279372378e-03
1.994010363403458420e-03
2.187749825427296509e-03
2.385167598295070274e-03
2.586272106669523178e-03
2.790754583657013670e-03
2.998078616152236378e-03
3.207667428145466546e-03
3.418806937812558875e-03
3.630897003684439590e-03
3.843333795797106156e-03
4.055661835506065710e-03
4.267106827900795339e-03
4.477478683271213927e-03
4.686426645241183013e-03
4.893608207298551400e-03
5.098678505394640785e-03
5.301381374273456820e-03
5.501301907450613024e-03
5.698297251700486579e-03
5.892109275597068145e-03
6.082592469239776756e-03
6.269629233858473906e-03
6.453006471147250400e-03
6.631991899282363261e-03
6.807152182611752450e-03
6.978531541702027476e-03
7.146008108217041799e-03
7.308690423263102150e-03
7.467727147691807094e-03
7.623115712520311602e-03
7.773411760634735788e-03
7.919283334553731124e-03
8.062866315074241133e-03
8.200867355665787325e-03
8.335675978839105979e-03
8.464785136223420409e-03
8.590785578431339373e-03
8.711666423144855814e-03
8.828904157791929094e-03
8.941516082158217776e-03
9.050308179896382477e-03
9.154784928757471116e-03
9.255589310766353453e-03
9.352080244750546681e-03
9.445267399000797925e-03
9.533964377944697047e-03
9.619907909991667547e-03
9.700874442983687881e-03
9.779479735907498777e-03
9.853079061626945565e-03
9.923861289914759701e-03
9.990836548558855792e-03
1.005388251818177363e-02
1.011456634513837639e-02
1.017025831674076702e-02
1.022362841954821064e-02
1.027376638183782540e-02
1.032041865798836652e-02
1.036480834258122520e-02
1.040584734627721802e-02
1.044429373717061654e-02
1.048055662629331607e-02
1.051361551707215465e-02
1.054445746937996212e-02
1.057313509441317780e-02
1.059898458067187223e-02
1.062275679366603796e-02
1.064445789850258436e-02
1.066391718757946083e-02
1.068125432635426419e-02
1.069684876541896271e-02
1.071122661728959868e-02
1.072377832750806212e-02
1.073444654987382868e-02
1.074478619077143607e-02
1.075424811243269607e-02
1.076192105814496522e-02
1.076863476088206137e-02
1.077670745663016419e-02
1.078310140870539051e-02
1.078784428654726464e-02
1.079436585381048259e-02
1.080113892784259622e-02
1.080638198919492247e-02
1.081011210984467001e-02
1.081899342445171060e-02
1.082682467659401224e-02
1.083314219002239065e-02
1.083921228636595610e-02
1.085218735591682131e-02
1.086392079098840759e-02
1.087442614310527890e-02
1.088459898353212087e-02
1.090393184976007519e-02
1.092218039859100057e-02
1.093935884754724912e-02
1.095547947889122936e-02
1.098134805929604912e-02
1.100750625242597792e-02
1.103274349773573741e-02
1.105706963883602671e-02
1.108675347681323253e-02
1.112087447702154834e-02
1.115420025991883425e-02
1.118673958577069694e-02
1.121861219995084862e-02
1.126060109673160219e-02
1.130191246304082520e-02
1.134255196000832043e-02
1.138252574764419579e-02
1.142472008184532151e-02
1.147370123082855700e-02
1.152196033949464543e-02
1.156970161625270853e-02
1.161688303758052869e-02
1.166620339457720076e-02
1.171970303868620673e-02
1.177244412939418283e-02
1.182482578081265299e-02
1.187672279599378405e-02
1.192900346664643729e-02
1.198346967976752359e-02
1.203733330444765708e-02
1.209083741831320363e-02
1.214395124292981000e-02
1.219652201591531031e-02
1.224931781962016776e-02
1.230175001270968245e-02
1.235377505902963274e-02
1.240539009351815207e-02
1.245659950965672703e-02
1.250622699687076178e-02
1.255317980390526986e-02
1.259980046414062305e-02
1.264602677090503197e-02
1.269186541403794811e-02
1.273730444643920295e-02
1.277753522595734444e-02
1.281397423089085906e-02
1.285000660226527994e-02
1.288563738030336012e-02
1.292088816166326107e-02
1.295571029687009497e-02
1.298394283958166119e-02
1.300700957459886321e-02
1.302965507951623324e-02
1.305189055118879948e-02
1.307371724672151854e-02
1.309513208949294495e-02
1.311222037336754603e-02
1.311958723496297122e-02
1.312651729977083216e-02
1.313301638452857995e-02
1.313909209020052912e-02
1.314474255586912596e-02
1.314996465959883919e-02
1.314238198693700767e-02
1.313060156867696879e-02
1.311836564177424648e-02
1.310567394186673215e-02
1.309253624885917990e-02
1.307895453086720637e-02
1.306493337863774001e-02
1.303418860361382423e-02
1.300244650110523453e-02
1.297030786312274205e-02
1.293763770546214713e-02
1.290440958517402245e-02
1.287080478891866608e-02
1.283674749092719204e-02
1.278735143011798352e-02
1.273561625014489954e-02
1.268339787559526893e-02
1.263069488906086793e-02
1.257773173145208985e-02
1.252386758689754201e-02
1.246975409835219054e-02
1.240597188201991198e-02
1.233309557781938313e-02
1.225971637423849819e-02
1.218584088424607380e-02
1.211147981758862145e-02
1.203663511130488757e-02
1.196130662191158787e-02
1.188550732110576352e-02
1.179540098129336183e-02
1.170214674137234033e-02
1.160838892847161109e-02
1.151413565034350647e-02
1.141939110901954435e-02
1.132416543188558868e-02
