7.967344859138763614e-06
8.872242836326689073e-05
1.855500903917732601e-04
2.723165833797509599e-04
3.486762483701873389e-04
4.140017366940826316e-04
4.725111276554592858e-04
5.284271097593043346e-04
5.834977993206041588e-04
6.379585261159487599e-04
6.919754683679970025e-04
7.458164052515658688e-04
7.998298313435463604e-04
8.542442136136663491e-04
9.091199493772570469e-04
9.644159732794977281e-04
1.020053591485555562e-03
1.075935300126019392e-03
1.131955806812269148e-03
1.188048913946253889e-03
1.244098965659599931e-03
1.300072424511999111e-03
1.355924588333456277e-03
1.411590442066584621e-03
1.466989737908358038e-03
1.522029757467901817e-03
1.576632682785960053e-03
1.630733723677729816e-03
1.684270938015295293e-03
1.737188061939483026e-03
1.789451604894516917e-03
1.840988523709107330e-03
1.891604764103555457e-03
1.941413494094719255e-03
1.990424454072631244e-03
2.038601001286227763e-03
2.085640543858268900e-03
2.131869314991892157e-03
2.177288368098241871e-03
2.221491184310005976e-03
2.264881703995878792e-03
2.307264312232457180e-03
2.348503719864503559e-03
2.388972228853556822e-03
2.427990556008520571e-03
2.466240968613826919e-03
2.503165855252876670e-03
2.539158662498151517e-03
2.573944438514381809e-03
2.607733521934633199e-03
2.640383098628462221e-03
2.672056839351915573e-03
2.702585435022224376e-03
2.732255611892193438e-03
2.760641531911026385e-03
2.788325923495650529e-03
2.814628114980760598e-03
2.840305431607485862e-03
2.864563511880701980e-03
2.888055864310850804e-03
2.910477461218179823e-03
2.931786053586883656e-03
2.952455131659650726e-03
2.971660105129424797e-03
2.990232513846347636e-03
3.007868520416971583e-03
3.024481488343463628e-03
3.040398400742121057e-03
3.055437242761021178e-03
3.069660535169056736e-03
3.083280294622611772e-03
3.095855009735111376e-03
3.107821184768589512e-03
3.119169819485655311e-03
3.129567641665012123e-03
3.139387058797709750e-03
3.148628263381116500e-03
3.157034672016275929e-03
3.164889132061338584e-03
3.172188764984168290e-03
3.178984388924519910e-03
3.185242822615477493e-03
3.190969682408243725e-03
3.196457970037606434e-03
3.201607530551418748e-03
3.206248631196101980e-03
3.210565724878326060e-03
3.215090363547295875e-03
3.219101050881227871e-03
3.222655760198602035e-03
3.226568714892562653e-03
3.230471198112016325e-03
3.233941279527279521e-03
3.236959208394225244e-03
3.241283716910411863e-03
3.245294726837806652e-03
3.248904400876495568e-03
3.252344227690908123e-03
3.257718896109338368e-03
3.262699902456645852e-03
3.267337105585951806e-03
3.271871828309676905e-03
3.278987878342067182e-03
3.285792283207418073e-03
3.292287005390294192e-03
3.298476942528072789e-03
3.307500449512115574e-03
3.316612526678242717e-03
3.325461348493137168e-03
3.334048956060371108e-03
3.344219513195010197e-03
3.355704508453835177e-03
3.366964967822569117e-03
3.378002609519777707e-03
3.388852296319611566e-03
3.402676645778902019e-03
3.416312480013529267e-03
3.429760265008303943e-03
3.443028742349376302e-03
3.456959680694123363e-03
3.472814655096921437e-03
3.488518722412812210e-03
3.504039804745392311e-03
3.519457185306314705e-03
3.535452654276899712e-03
3.552600285235848771e-03
3.569591371683352495e-03
3.586453790668207853e-03
3.603180415757975888e-03
3.619986010791836559e-03
3.637299650195806571e-03
3.654485624741967212e-03
3.671550717906832493e-03
3.688481281768837394e-03
3.705285669745872045e-03
3.721946977495525777e-03
3.738486694013950975e-03
3.754904548357304323e-03
3.771197383879986830e-03
3.787367445770807237e-03
3.802956519749693502e-03
3.817635896701726973e-03
3.832187781027925847e-03
3.846613393435495583e-03
3.860914242229573218e-03
3.875085239178863682e-03
3.887578728204711849e-03
3.898846896125076570e-03
3.909977705471200798e-03
3.920971904202004595e-03
3.931830875390819602e-03
3.942553135531760844e-03
3.951197903503372855e-03
3.958213564534859320e-03
3.965078757555241112e-03
3.971797194422343677e-03
3.978369105710679622e-03
3.984790867506869498e-03
3.989867836332331753e-03
3.991978572868594768e-03
3.993868706273512141e-03
3.995628339064275121e-03
3.997229429824365049e-03
3.998670386279802591e-03
3.999948187274020642e-03
3.997367303838038864e-03
3.993505917510601841e-03
3.989449083391140294e-03
3.985228938054028065e-03
3.980837325226758809e-03
3.976271855659836360e-03
3.971535240532780321e-03
3.961821301968993132e-03
3.951767656830569228e-03
3.941532512884735745e-03
3.931131618616169610e-03
3.920518693572830685e-03
3.909728359719815902e-03
3.898764707360430088e-03
3.883270116233257692e-03
3.867036757891298675e-03
3.850608377949338215e-03
3.833992608693336229e-03
3.817187273840368014e-03
3.800192617765429937e-03
3.783010409418228331e-03
3.762967621272591840e-03
3.740231664848018764e-03
3.717296497073464996e-03
3.694162904457831079e-03
3.670834840263579625e-03
3.647311048071948635e-03
3.623591298341288097e-03
3.599690347077867756e-03
3.571571990858750465e-03
3.542475775068697815e-03
3.513188356867330813e-03
3.483701796091379956e-03
3.454038323377533505e-03
3.424139480391549546e-03
