2.869150983217182906e-07
1.388257418472407767e-07
1.121847587750222467e-07
8.319173590543172610e-08
6.915374083210127332e-08
5.625147384102099904e-08
3.594787579921690693e-08
3.523784492241620365e-08
2.700588532423641702e-08
3.259754261163361529e-08
2.909219722330576747e-08
2.382277884166541496e-08
2.408776130293142424e-08
1.914000081253879904e-08
1.613996084207374281e-08
1.773786528652074598e-08
1.516836440025670484e-08
1.095583252538426901e-08
1.249020064500872099e-08
1.503322767338511750e-08
1.496116075952628001e-08
1.314631689550278527e-08
1.018238464497868693e-08
9.757782099136212130e-09
9.628400730277639976e-09
1.112702494125825420e-08
1.225715650141411697e-08
1.036362507154433077e-08
8.230292595418506861e-09
4.576629636498043809e-09
8.633793427995628465e-09
6.899179506682967943e-09
7.162804437429829944e-09
7.755990300188590879e-09
6.018923233150663797e-09
6.443980383062014540e-09
6.702772059379902069e-09
6.151347078369410375e-09
5.704059327329298873e-09
6.729965410959950648e-09
4.982963224507999714e-09
2.441698441706033166e-09
4.531810499599322440e-09
7.868735438495737538e-09
4.771519054251530698e-09
5.499652410808164051e-09
8.506879354103649732e-09
5.813219961660792698e-09
6.085935394404865921e-09
3.159187286118283595e-09
3.240832457837397979e-09
5.474374521709302418e-09
5.646287039005259476e-09
2.098202803424411637e-09
4.043909903894497759e-09
5.911417418254926352e-09
2.692490257865965831e-09
3.960344851937655169e-09
3.375453370575840419e-09
3.347487801415930662e-09
3.409435594516126729e-09
2.031742373247075850e-09
1.686270551508372510e-09
1.172842206629267517e-09
4.157409542946720541e-09
5.655585137721722671e-09
1.945896896156739702e-09
3.338942226957771008e-09
2.662144380552275968e-09
2.917373788710385675e-09
3.264210877512687784e-09
2.970512815554795558e-09
3.881771500105976301e-09
4.307771671407883012e-09
2.789640867734559763e-09
1.295757276379385338e-09
1.059973339254513813e-09
4.848717846179866022e-09
1.724768270248571680e-09
1.359429649031896577e-09
5.992475439477699058e-10
-1.773499833869577163e-09
3.416295208353933580e-09
1.468739102318005500e-09
3.269011413619016034e-09
-2.279129988382895221e-11
3.951838428472105291e-09
3.152664272568714624e-09
1.836441030114954899e-09
-2.810846871622091237e-09
-2.046781446901523995e-09
3.655972513789270085e-09
5.083773152119767039e-10
1.281137144746110542e-09
2.363819069906503367e-09
1.113164841538408249e-09
4.817279971853959913e-10
1.351419970429422071e-09
1.874542266566087074e-09
