7.500000000000000000e+01
1.250000000000000000e+02
1.750000000000000000e+02
2.250000000000000000e+02
2.750000000000000000e+02
3.250000000000000000e+02
3.750000000000000000e+02
4.250000000000000000e+02
4.750000000000000000e+02
5.250000000000000000e+02
5.750000000000000000e+02
6.250000000000000000e+02
6.750000000000000000e+02
7.250000000000000000e+02
7.750000000000000000e+02
8.250000000000000000e+02
8.750000000000000000e+02
9.250000000000000000e+02
9.750000000000000000e+02
1.025000000000000000e+03
1.075000000000000000e+03
1.125000000000000000e+03
1.175000000000000000e+03
1.225000000000000000e+03
1.275000000000000000e+03
1.325000000000000000e+03
1.375000000000000000e+03
1.425000000000000000e+03
1.475000000000000000e+03
1.525000000000000000e+03
1.575000000000000000e+03
1.625000000000000000e+03
1.675000000000000000e+03
1.725000000000000000e+03
1.775000000000000000e+03
1.825000000000000000e+03
1.875000000000000000e+03
1.925000000000000000e+03
1.975000000000000000e+03
2.025000000000000000e+03
2.075000000000000000e+03
2.125000000000000000e+03
2.175000000000000000e+03
2.225000000000000000e+03
2.275000000000000000e+03
2.325000000000000000e+03
2.375000000000000000e+03
2.425000000000000000e+03
2.475000000000000000e+03
2.525000000000000000e+03
2.575000000000000000e+03
2.625000000000000000e+03
2.675000000000000000e+03
2.725000000000000000e+03
2.775000000000000000e+03
2.825000000000000000e+03
2.875000000000000000e+03
2.925000000000000000e+03
2.975000000000000000e+03
3.025000000000000000e+03
3.075000000000000000e+03
3.125000000000000000e+03
3.175000000000000000e+03
3.225000000000000000e+03
3.275000000000000000e+03
3.325000000000000000e+03
3.375000000000000000e+03
3.425000000000000000e+03
3.475000000000000000e+03
3.525000000000000000e+03
3.575000000000000000e+03
3.625000000000000000e+03
3.675000000000000000e+03
3.725000000000000000e+03
3.775000000000000000e+03
3.825000000000000000e+03
3.875000000000000000e+03
3.925000000000000000e+03
3.975000000000000000e+03
4.025000000000000000e+03
4.075000000000000000e+03
4.125000000000000000e+03
4.175000000000000000e+03
4.225000000000000000e+03
4.275000000000000000e+03
4.325000000000000000e+03
4.375000000000000000e+03
4.425000000000000000e+03
4.475000000000000000e+03
4.525000000000000000e+03
4.575000000000000000e+03
4.625000000000000000e+03
4.675000000000000000e+03
4.725000000000000000e+03
4.775000000000000000e+03
4.825000000000000000e+03
4.875000000000000000e+03
4.925000000000000000e+03
4.975000000000000000e+03
