5.116631479603279533e-06
7.178862761379539107e-05
1.465386996641304099e-04
2.132479914134384187e-04
2.707817055621951981e-04
3.214603734468824423e-04
3.696820230362908946e-04
4.180010084585298680e-04
4.673839735711660484e-04
5.183148907399059589e-04
5.713070365741650938e-04
6.267549354451380002e-04
6.849553351722079174e-04
7.460362356018706382e-04
8.100224362986214489e-04
8.768827945457789404e-04
9.465365134807751440e-04
1.018882882805558074e-03
1.093805659446091478e-03
1.171199209997170415e-03
1.250844380022668153e-03
1.332659920967435054e-03
1.416497287761595654e-03
1.502206017943509379e-03
1.589607656087548698e-03
1.678544770369014370e-03
1.768828887081054946e-03
1.860292648129897343e-03
1.952768072992544859e-03
2.046099415553686955e-03
2.140141265014816434e-03
2.234720128858608181e-03
2.329472746330346448e-03
2.424469175275167053e-03
2.519616975097209270e-03
2.614798114366395036e-03
2.709470683320371921e-03
2.804044310147636634e-03
2.898375335639547315e-03
2.991835367784179828e-03
3.084936271396585689e-03
3.177253492718695380e-03
3.268560428804860758e-03
3.359262649998116541e-03
3.448413633772223503e-03
3.536868072506865832e-03
3.623763469161395828e-03
3.709596015745638634e-03
3.793900316904591768e-03
3.877001902590531107e-03
3.958386707283256638e-03
4.038477745152423658e-03
4.116891635307256582e-03
4.193961865595008387e-03
4.269134611842360580e-03
4.343056108703111269e-03
4.414880331537478393e-03
4.485489454689255487e-03
4.553791427010318339e-03
4.620678896409732492e-03
4.685696898835594107e-03
4.748712391731646672e-03
4.810411308159791635e-03
4.869545755512135789e-03
4.927354170254342851e-03
4.983297771512266647e-03
5.037286424501289349e-03
5.089866794608821632e-03
5.140451123401376665e-03
5.189507332185719357e-03
5.236954047290673375e-03
5.282451145520023622e-03
5.326483899178008005e-03
5.369036308219587647e-03
5.409759991757002139e-03
5.448902326525915940e-03
5.486649055256876892e-03
5.522738291295517347e-03
5.557327545657142660e-03
5.590543401603534183e-03
5.622625505910075136e-03
5.653326378333697021e-03
5.682689647212604139e-03
5.711259760868621360e-03
5.738873188733172558e-03
5.765136931840937444e-03
5.790436319862548274e-03
5.815847269119078441e-03
5.839974617658221824e-03
5.862835633402193811e-03
5.886119897891922692e-03
5.909089319593450844e-03
5.930871231246975447e-03
5.951474616982924820e-03
5.974441172546396915e-03
5.996330253116693640e-03
6.017210024172671944e-03
6.037475935008727174e-03
6.061156120121136831e-03
6.083801786445355679e-03
6.105528444338385353e-03
6.126771561432014200e-03
6.152782064116749973e-03
6.177907383744891609e-03
6.202124012254314582e-03
6.225501187151229882e-03
6.254151937813741922e-03
6.282769588411233480e-03
6.310554609739963718e-03
6.337660046133918902e-03
6.367623594469619570e-03
6.399941492451553630e-03
6.431621761442232396e-03
6.462673509896896783e-03
6.493163052302383491e-03
6.529270868868639575e-03
6.564833472601313072e-03
6.599813540710061308e-03
6.634310940243356297e-03
6.669875447324268361e-03
6.709058830623474898e-03
6.747771969891155734e-03
6.786029622956067653e-03
6.823832046729658499e-03
6.862658404506164454e-03
6.903581619132688474e-03
6.944098602490933123e-03
6.984212446239383178e-03
7.023975080896281004e-03
7.063668738933132074e-03
7.104346493565017948e-03
7.144591148844545679e-03
7.184478170771904648e-03
7.223991726393273576e-03
7.263148813217127839e-03
7.301840094841256790e-03
7.340176426574585890e-03
7.378179328988302213e-03
7.415841593184929401e-03
7.453102800171587487e-03
7.489136413782234575e-03
7.523200325034840041e-03
7.556930012759112240e-03
7.590336555387436172e-03
7.623426882222483422e-03
7.656179548377652251e-03
7.685422977649182009e-03
7.712089190832101954e-03
7.738482194809662845e-03
7.764483753435401717e-03
7.790161493493786941e-03
7.815512188354361775e-03
7.836448314938276177e-03
7.854036377323450266e-03
7.871276868416947695e-03
7.888248640102691819e-03
7.904828080448615679e-03
7.921068506969747292e-03
7.934483845137355051e-03
7.941628465617720650e-03
7.948420747736169301e-03
7.954803870976115757e-03
7.960914601481018996e-03
7.966686455034168932e-03
7.972113142937461636e-03
7.969510631749568419e-03
7.964217748372500252e-03
7.958563693207146295e-03
7.952551022151317650e-03
7.946189042858625706e-03
7.939475430559939789e-03
7.932418090556088777e-03
7.914966516851241335e-03
7.896814182992041922e-03
7.878299872720932046e-03
7.859423684475841387e-03
7.840178021203805803e-03
7.820580917477065394e-03
7.800674226305598022e-03
7.771212358802480347e-03
7.740386263974254923e-03
7.709074950863371335e-03
7.677356840642314204e-03
7.645314465092438797e-03
7.612912384843168075e-03
7.580154912274554915e-03
7.541475188863919037e-03
7.497148860935990387e-03
7.452520786207143463e-03
7.407484542815223963e-03
7.362131217556287278e-03
7.316346892630355529e-03
7.270226037712740341e-03
7.223752574085751978e-03
7.168566314282323604e-03
7.111385220656516945e-03
7.053850043765278258e-03
6.995932548235819434e-03
6.937643855544303219e-03
6.878997001466221652e-03
