3.840673270296752219e-06
6.788573620361378264e-05
1.383384634935375525e-04
2.014652397553095826e-04
2.560886730723923818e-04
3.045807452227424980e-04
3.511934299145056575e-04
3.982905539867246953e-04
4.467019530491681532e-04
4.968403161367469009e-04
5.491791974841307277e-04
6.041223104147576059e-04
6.619359900255666245e-04
7.227271725032218246e-04
7.864914399730180356e-04
8.531768439545148663e-04
9.226904175311160085e-04
9.949225155574154163e-04
1.069768284306080652e-03
1.147113176734789516e-03
1.226729328182433673e-03
1.308546379985548293e-03
1.392372549654822969e-03
1.478093386123625463e-03
1.565507977038693710e-03
1.654480042593843656e-03
1.744794081993938147e-03
1.836292588122095081e-03
1.928806111862442843e-03
2.022176769658524942e-03
2.116256187106441838e-03
2.210878746587300117e-03
2.305658244892062718e-03
2.400689199318003196e-03
2.495868963229392560e-03
2.591080334843859183e-03
2.685783138775432299e-03
2.780385688559490476e-03
2.874753731033573810e-03
2.968263551562231716e-03
3.061354761865203375e-03
3.153694221221467215e-03
3.244972601617969465e-03
3.335743368882666555e-03
3.424911185386213426e-03
3.513385523260923252e-03
3.600296535168961021e-03
3.686144998307623339e-03
3.770465616678920356e-03
3.853498897043544386e-03
3.934978735650560867e-03
4.015112091175080875e-03
4.093506530099449807e-03
4.170583199217412808e-03
4.245784118259362215e-03
4.319743845004993081e-03
4.391508645496681844e-03
4.462152286345877177e-03
4.530450634377218393e-03
4.597333291352567394e-03
4.662336863728654135e-03
4.725355928731913083e-03
4.787075170601784446e-03
4.846210542018913360e-03
4.904003521263428783e-03
4.959965879732452024e-03
5.013975700676385344e-03
5.066555990991952058e-03
5.117142468907588844e-03
5.166089841589864215e-03
5.213713351215615646e-03
5.259121703648605810e-03
5.303153310963240955e-03
5.345703206187087629e-03
5.386360015850524645e-03
5.425568122492344797e-03
5.463311903497949408e-03
5.499341870967133956e-03
5.533988241856586075e-03
5.567259035113570655e-03
5.599339293570996558e-03
5.630036035443208853e-03
5.659340322730504330e-03
5.687909176888000448e-03
5.715516264333399266e-03
5.741776795480992360e-03
5.767060591160147812e-03
5.792460096769773761e-03
5.816575527703595275e-03
5.839423806380127438e-03
5.862691244522403797e-03
5.885645229778622457e-03
5.907407266752938250e-03
5.927990185964894694e-03
5.950844264236882647e-03
5.972783868894454389e-03
5.993709307702399861e-03
6.013859798708901840e-03
6.037492005107170968e-03
6.060142728329667543e-03
6.081847199775643545e-03
6.102958716852185592e-03
6.128903912368769726e-03
6.153931208497960721e-03
6.178123872134424349e-03
6.201455776750898659e-03
6.229964200686792866e-03
6.258435984900584392e-03
6.286174876316835344e-03
6.313183605759780867e-03
6.343037266642398420e-03
6.375265427265588980e-03
6.406793063910209626e-03
6.437722932700223367e-03
6.468089531455058563e-03
6.504036911695165041e-03
6.539439633476373977e-03
6.574302054160391200e-03
6.608626548190201823e-03
6.644063572812278044e-03
6.683079362752420739e-03
6.721677534971116572e-03
6.759770442069999545e-03
6.797347678126622154e-03
6.836000426362406381e-03
6.876741059850712511e-03
6.917075483318355783e-03
6.957006253902607226e-03
6.996538271853123409e-03
7.036095101853837019e-03
7.076519733334142408e-03
7.116626140576659716e-03
7.156278632488462070e-03
7.195672144687766288e-03
7.234643186234180658e-03
7.273151283616836882e-03
7.311305360048920947e-03
7.349126398266073862e-03
7.386607639785196071e-03
7.423753926695462503e-03
7.459612560741571245e-03
7.493509993711515611e-03
7.527074685430751137e-03
7.560317306671970362e-03
7.593179832737987321e-03
7.625772025949218748e-03
7.654867718609996256e-03
7.681460366737878978e-03
7.707653324705663472e-03
7.733521015534925921e-03
7.759002881434939013e-03
7.784223953504122717e-03
7.805111293368940245e-03
7.822599327427324362e-03
7.839742748693345406e-03
7.856556943438558829e-03
7.873044908961814720e-03
7.889197291325143399e-03
7.902534926107837240e-03
7.909622883885783842e-03
7.916361589861736076e-03
7.922757434941108193e-03
7.928821153843105748e-03
7.934549672458584418e-03
7.939937488693191159e-03
7.937321740799000921e-03
7.932026366394282976e-03
7.926412792416185488e-03
7.920367396588648412e-03
7.914015060273693961e-03
7.907340410957986940e-03
7.900277025362764660e-03
7.882873239882850006e-03
7.864774327784204017e-03
7.846364478379668980e-03
7.827533471198570847e-03
7.808360641427703787e-03
7.788798943382210446e-03
7.768930067830484565e-03
7.739609766811127341e-03
7.708783570600831643e-03
7.677609389399147645e-03
7.646033437641581824e-03
7.614116137210048645e-03
7.581844303174405629e-03
7.549222608266280624e-03
7.510695183382281974e-03
7.466604881647704445e-03
7.422135636495606065e-03
7.377292567803878272e-03
7.332090096455108966e-03
7.286528060084783952e-03
7.240602644364420824e-03
7.194330215886552207e-03
7.139365617359081338e-03
7.082426905965578771e-03
7.025115033676621566e-03
6.967438544284279382e-03
6.909470810157370031e-03
6.851002543072118658e-03
