5.780824959977324615e-06
7.309171994435728582e-05
1.492961190880910476e-04
2.172212339388679241e-04
2.757405913478962276e-04
3.271708725218071918e-04
3.759477844628638732e-04
4.246853531257741227e-04
4.744017087254129381e-04
5.256023648384409389e-04
5.788137476316618365e-04
6.344420421319110596e-04
6.927779293493392361e-04
7.539628393504224473e-04
8.180276967803435263e-04
8.849482084416858798e-04
9.546525408538321595e-04
1.027034581054800215e-03
1.101981955836999318e-03
1.179391371973953061e-03
1.259043303593192741e-03
1.340856187690882013e-03
1.424690720131493874e-03
1.510393355671636306e-03
1.597793366000495666e-03
1.686722339041624944e-03
1.776999435543226728e-03
1.868448209451890061e-03
1.960909795610775441e-03
2.054226359653251333e-03
2.148253110795594629e-03
2.242825176921822185e-03
2.337552915981192490e-03
2.432532839819633811e-03
2.527663585521246377e-03
2.622827797607609184e-03
2.717483825151676725e-03
2.812041779160430986e-03
2.906357920284555630e-03
2.999803380077478709e-03
3.092890445604513407e-03
3.185194424056022201e-03
3.276488536735751907e-03
3.367178696297213215e-03
3.456316070941079475e-03
3.544760896565284786e-03
3.631645277090771954e-03
3.717467467385791868e-03
3.801761843956603677e-03
3.884853770133854869e-03
3.966229428894078174e-03
4.046311689398124876e-03
4.124717061940597583e-03
4.201779548487354597e-03
4.276947110442641704e-03
4.350859457183557828e-03
4.422676820398201147e-03
4.493280266952263784e-03
4.561575783161869561e-03
4.628465542340122474e-03
4.693469862645727880e-03
4.756479576495673336e-03
4.818173696198461975e-03
4.877301984187154202e-03
4.935105914578354416e-03
4.991044696852800326e-03
5.045028389333264425e-03
5.097604600333383203e-03
5.148252890209170131e-03
5.197146661668140995e-03
5.244679309238814598e-03
5.290172067760235894e-03
5.334201080939160976e-03
5.376815828131170476e-03
5.417403318304973847e-03
5.456608894408960034e-03
5.494352637307696290e-03
5.530437331030604864e-03
5.565023425999258110e-03
5.598237620400547607e-03
5.630318827736198635e-03
5.661013292161359671e-03
5.690375904793467700e-03
5.718944204292659289e-03
5.746556385788446214e-03
5.772818981707100033e-03
5.798118154699480331e-03
5.823529626267256835e-03
5.847657717914097122e-03
5.870519829327595571e-03
5.893826305782792763e-03
5.916779346575146668e-03
5.938564938998549397e-03
5.959172348284458992e-03
5.982064106832760131e-03
6.004043054005471676e-03
6.024930672113838065e-03
6.045205361178297016e-03
6.068899072687854862e-03
6.091558466207422015e-03
6.113298414218460396e-03
6.134568526850683705e-03
6.160588264974628005e-03
6.185707324699932230e-03
6.209972779056411631e-03
6.233393739368779142e-03
6.262050778959300616e-03
6.290647469237896708e-03
6.318512482079791104e-03
6.345648087281814329e-03
6.375646141082130791e-03
6.408002377453935611e-03
6.439721341513095394e-03
6.470812211405948568e-03
6.501340922890581214e-03
6.537495191140180011e-03
6.573104654765606070e-03
6.608131829834432668e-03
6.642676643611583436e-03
6.678316320751836663e-03
6.717527838685763246e-03
6.756295100097679980e-03
6.794607160503845708e-03
6.832464398337977952e-03
6.871361520038875119e-03
6.912329774683357436e-03
6.952906280779728478e-03
6.993079775331594201e-03
7.032902218283764058e-03
7.072722572760723435e-03
7.113394972553272605e-03
7.153700530505339994e-03
7.193648036365302666e-03
7.233222652743741092e-03
7.272440521307059827e-03
7.311191593773320313e-03
7.349587394753886137e-03
7.387649676128496545e-03
7.425305475195835038e-03
7.462691143031547139e-03
7.498781870542982689e-03
7.532900071903927616e-03
7.566683524815157741e-03
7.600143450387130545e-03
7.633286820144872566e-03
7.666091691083429076e-03
7.695383234345854438e-03
7.722094369666393510e-03
7.748531575392956713e-03
7.774576691262071078e-03
7.800297291827536401e-03
7.825689747156848800e-03
7.846726374287779637e-03
7.864346903120714855e-03
7.881618628937646712e-03
7.898557778745889449e-03
7.915167313848883376e-03
7.931436676362415769e-03
7.944876530881727489e-03
7.952040944364871522e-03
7.958850750958331929e-03
7.965250362124172770e-03
7.971376443711626972e-03
7.977162324954671993e-03
7.982601438464164909e-03
7.980003274094680382e-03
7.974711213831656154e-03
7.969056594768028634e-03
7.963041890364385214e-03
7.956676430321605806e-03
7.949957699008500939e-03
7.942893635828399829e-03
7.925433257859441222e-03
7.907256699650809170e-03
7.888723531363266150e-03
7.869826881934069082e-03
7.850558884714019595e-03
7.830937791786892616e-03
7.811005387831534454e-03
7.781509758783585265e-03
7.750601933777497357e-03
7.719298131413534006e-03
7.687540153540507216e-03
7.655456095750116756e-03
7.623010427368281765e-03
7.590207395352349673e-03
7.551477178415461240e-03
7.507095771812888861e-03
7.462410793674183716e-03
7.417315639075864990e-03
7.371868675253156512e-03
7.326113280098438783e-03
7.279868818196691925e-03
7.233328543987832884e-03
7.178069557633754740e-03
7.120825198456201890e-03
7.063200418620402612e-03
7.005203533504163367e-03
6.946833181285392428e-03
6.888102773161652870e-03
