2.046762221203563724e-06
4.950766889240797316e-05
1.006146566629744941e-04
1.475960494800329734e-04
1.893508049062782338e-04
2.284841342241117411e-04
2.682874286448586770e-04
3.100395380410289029e-04
3.540304385828872626e-04
4.005537983183510395e-04
4.500158868005593163e-04
5.027000076028516383e-04
5.586997343383214455e-04
6.179698061394277861e-04
6.804207288560312414e-04
7.459692455234616685e-04
8.144991715456180925e-04
8.858804993958052220e-04
9.599760147654515284e-04
1.036651516587720279e-03
1.115644577724292721e-03
1.196862147832850921e-03
1.280137650839595310e-03
1.365303253758245322e-03
1.452180986346088753e-03
1.540597024656522370e-03
1.630364871861670999e-03
1.721310801953343560e-03
1.813263503924047743e-03
1.906062999401151930e-03
1.999560063425098559e-03
2.093604135119139179e-03
2.187782517427812930e-03
2.282216662880284623e-03
2.376784136849368050e-03
2.471330786225344692e-03
2.565434945190856689e-03
2.659379821497760352e-03
2.753060257708344997e-03
2.845851950471068540e-03
2.938234613293819880e-03
3.029855679368304369e-03
3.120455495420190826e-03
3.210477481639712697e-03
3.298903360838279994e-03
3.386643096741440324e-03
3.472767372618798965e-03
3.557844457288072536e-03
3.641391674620697311e-03
3.723646692582254728e-03
3.804347397444245941e-03
3.883665577730118206e-03
3.961307901690023711e-03
4.037632928509017269e-03
4.112022775402811303e-03
4.185191738915619228e-03
4.256172784244674316e-03
4.326014540518357925e-03
4.393558359640382244e-03
4.459680483512538755e-03
4.523924874660014903e-03
4.586198830194322673e-03
4.647145393206107526e-03
4.705582067705571005e-03
4.762647079441653837e-03
4.817898345587793771e-03
4.871190593506330956e-03
4.923085431620192499e-03
4.972971687314940714e-03
5.021262653965251170e-03
5.068118395457981394e-03
5.112962856890394987e-03
5.156342996566963023e-03
5.198278536407223947e-03
5.238278888202132361e-03
5.276865903118455395e-03
5.313995850561437431e-03
5.349492394600788639e-03
5.383551729773648938e-03
5.416184765622181208e-03
5.447696350317630075e-03
5.477833452228319557e-03
5.506583529163782895e-03
5.534595571187160730e-03
5.561650766243066840e-03
5.587401599871658076e-03
5.612114858570921468e-03
5.636957932849342642e-03
5.660526862098066471e-03
5.682837811052512088e-03
5.705544789250991712e-03
5.727927028436497793e-03
5.749130089304728408e-03
5.769163794912356320e-03
5.791405856363436230e-03
5.812737970690719756e-03
5.832988931824545364e-03
5.852622656357601982e-03
5.875563941537861011e-03
5.897531998402229941e-03
5.918535288463168224e-03
5.939084157964126878e-03
5.964133959392614766e-03
5.988364053026388328e-03
6.011748148307865039e-03
6.034300851904954820e-03
6.061939214558537299e-03
6.089440517028270675e-03
6.116248117888028676e-03
6.142331666864537555e-03
6.171177033473083592e-03
6.202293671846315776e-03
6.232777225334217540e-03
6.262635929379653001e-03
6.291934698297097991e-03
6.326658824090557708e-03
6.360841131235249121e-03
6.394485994335098733e-03
6.427607712615447666e-03
6.461778763940279578e-03
6.499433149545614380e-03
6.536621204065060260e-03
6.573353954615554669e-03
6.609632385156783904e-03
6.646894434817458494e-03
6.686176394180014422e-03
6.725054005145401741e-03
6.763578923990537853e-03
6.801609238961796658e-03
6.839733972206597096e-03
6.878631855181187651e-03
6.917196560603201469e-03
6.955403615762667177e-03
6.993243285496951282e-03
7.030728172073702487e-03
7.067745067280887736e-03
7.104411657587207489e-03
7.140747072454302347e-03
7.176810165520427706e-03
7.212416344185098097e-03
7.246822217713826120e-03
7.279305508828686454e-03
7.311462672627591121e-03
7.343302194586039458e-03
7.374829730069883300e-03
7.406031340470202798e-03
7.433814795388520198e-03
7.459089489486484675e-03
7.484037283172127915e-03
7.508666419864239508e-03
7.532979673498469211e-03
7.556977265733602102e-03
7.576745647512779687e-03
7.593195610598534907e-03
7.609313383489475779e-03
7.625172661487604649e-03
7.640592012225800103e-03
7.655751366388814823e-03
7.668164493924991935e-03
7.674513274226392456e-03
7.680458853843671364e-03
7.686171082674323439e-03
7.691438285327824829e-03
7.696446732539387672e-03
7.701131953198778538e-03
7.698016694868542280e-03
7.692296292783061193e-03
7.686287606506911514e-03
7.679835935617032074e-03
7.673107882947906820e-03
7.666050888767935757e-03
7.658672166392229037e-03
7.641193395761185225e-03
7.623085350832112424e-03
7.604564365971092262e-03
7.585740392958669615e-03
7.566574692051544933e-03
7.547080936541090621e-03
7.527263360833518629e-03
7.498249046511364438e-03
7.467780438959670079e-03
7.436968045711316207e-03
7.405810042186307916e-03
7.374315877211737487e-03
7.342490002471286324e-03
7.310337436110215734e-03
7.272432289580043653e-03
7.229165229650454105e-03
7.185525414276260764e-03
7.141537595424097065e-03
7.097212948220073085e-03
7.052554069184189568e-03
7.007560874538345738e-03
6.962245359514311269e-03
6.908492787361988560e-03
6.852841159058410681e-03
6.796842718471013574e-03
6.740505427006042438e-03
6.683834156075808136e-03
6.626836234181323303e-03
