1.370826887673245805e-06
1.757339262355658724e-05
3.589206229778811136e-05
5.222327854576526781e-05
6.629538168573988676e-05
7.866659177376067252e-05
9.040544893793233349e-05
1.021387610528339565e-04
1.141112542114686943e-04
1.264439659431658219e-04
1.392620307388117739e-04
1.526665183670652059e-04
1.667238280194382213e-04
1.814690397092699368e-04
1.969094029521365776e-04
2.130384474750868261e-04
2.298383842705226327e-04
2.472853337157008267e-04
2.653503460410663243e-04
2.840094733236596153e-04
3.032088145870636157e-04
3.229296397015915141e-04
3.431375526580671283e-04
3.637951714098096681e-04
3.848616541921644294e-04
4.062970544058644331e-04
4.280568924058557106e-04
4.501005952641862944e-04
4.723877290162632118e-04
4.948811388675603213e-04
5.175457804961640157e-04
5.403399368813158318e-04
5.631762625571790993e-04
5.860712790835905135e-04
6.090026595733200954e-04
6.319421063128794272e-04
6.547590535479135910e-04
6.775523466159585851e-04
7.002873286228016719e-04
7.228231316997666940e-04
7.452510943569938410e-04
7.675009644661238885e-04
7.894953638975780617e-04
8.113682154509523547e-04
8.328547239702973996e-04
8.541743092156765804e-04
8.751177298675447830e-04
8.958050827921540523e-04
9.161241524384298660e-04
9.361533369569587613e-04
9.557688486689052939e-04
9.750725567196392518e-04
9.939720586498506857e-04
1.012547277941868232e-03
1.030666904308399174e-03
1.048483372020693775e-03
1.065794841954073200e-03
1.082813688489592339e-03
1.099276232477027805e-03
1.115399884305469554e-03
1.131069069896030108e-03
1.146257470177740843e-03
1.161129397771815596e-03
1.175381526763060120e-03
1.189315155014804195e-03
1.202799012726130101e-03
1.215811683991985031e-03
1.228485078836172263e-03
1.240693776628995016e-03
1.252479536313653129e-03
1.263937174206954117e-03
1.274903133245443949e-03
1.285523893487031544e-03
1.295772619584374197e-03
1.305571970726886188e-03
1.315022393822242288e-03
1.324120432239018477e-03
1.332821615673461741e-03
1.341155744037603355e-03
1.349175573075849345e-03
1.356908145472833851e-03
1.364307476686636277e-03
1.371371399923153973e-03
1.378257693649463959e-03
1.384913534590371306e-03
1.391243998995524015e-03
1.397342238048114192e-03
1.403467513122512401e-03
1.409283425900870884e-03
1.414794167726548613e-03
1.420407219047591313e-03
1.425944558370299819e-03
1.431215142998816569e-03
1.436162883506442427e-03
1.441680563100597922e-03
1.446978195090779925e-03
1.452012932348408685e-03
1.456899585371174708e-03
1.462610330318550979e-03
1.468084701380892093e-03
1.473324621130179006e-03
1.478438155442550863e-03
1.484709303957329647e-03
1.490769979182952247e-03
1.496611691786605552e-03
1.502251073303541426e-03
1.509163018309409325e-03
1.516055064808558787e-03
1.522770730297107623e-03
1.529310569499213717e-03
1.536540234027071678e-03
1.544338195342192643e-03
1.551982534339825786e-03
1.559475459617914095e-03
1.566832871165972250e-03
1.575546049381674465e-03
1.584127887315432128e-03
1.592569386830271000e-03
1.600894565487564385e-03
1.609483613216357344e-03
1.618933500889321690e-03
1.628276274984127164e-03
1.637509319726604016e-03
1.646632724650021933e-03
1.656003270299469298e-03
1.665879881480217478e-03
1.675658588226655761e-03
1.685361867648029833e-03
1.694937097382809375e-03
1.704517501060609248e-03
1.714319226309132414e-03
1.724032613538153350e-03
1.733675824770268417e-03
1.743212948094384528e-03
1.752664130859828964e-03
1.762002833275623341e-03
1.771255910886454597e-03
1.780428599295771344e-03
1.789519124920826987e-03
1.798528697580171771e-03
1.807226198144832674e-03
1.815448340849941259e-03
1.823589878442890720e-03
1.831637725856964270e-03
1.839624958785158679e-03
1.847530562124870528e-03
1.854589506277658055e-03
1.861042073251138480e-03
1.867397635679228464e-03
1.873674212682054563e-03
1.879857190157820232e-03
1.885976538973225354e-03
1.891046111328197705e-03
1.895292387686677710e-03
1.899454614387170335e-03
1.903536704029363830e-03
1.907539370957170776e-03
1.911460023957337441e-03
1.914699015992789950e-03
1.916425103959730827e-03
1.918065980044082394e-03
1.919623163306008982e-03
1.921099303761787105e-03
1.922493488270571706e-03
1.923804144452185118e-03
1.923177732801095718e-03
1.921902094488885538e-03
1.920539110850268821e-03
1.919089386032759702e-03
1.917555164577988648e-03
1.915935845542140331e-03
1.914233345119276033e-03
1.910023545483369037e-03
1.905644409112603344e-03
1.901177754801438354e-03
1.896630858204639575e-03
1.891979862246222785e-03
1.887266159132619915e-03
1.882447432800583766e-03
1.875338841619156576e-03
1.867874195788102147e-03
1.860329806924719510e-03
1.852676035717106288e-03
1.844943701113433516e-03
1.837124256080195769e-03
1.829234960274907012e-03
1.819884645565795177e-03
1.809204978053263833e-03
1.798435842889765717e-03
1.787567944499904608e-03
1.776615287713248243e-03
1.765588344596746113e-03
1.754443616757583651e-03
1.743227621471613292e-03
1.729910365411437088e-03
1.716114517896404068e-03
1.702227011554840802e-03
1.688249907025907680e-03
1.674182884332168011e-03
1.660042611896415292e-03
