5.675589104327176423e-06
7.275815433027322155e-05
1.486018688460586800e-04
2.162170131720236594e-04
2.744788923794896766e-04
3.256986935606214482e-04
3.743004207350479748e-04
4.228792087285773108e-04
4.724482840763015857e-04
5.235087666551741349e-04
5.765787412535042233e-04
6.320766624330492484e-04
6.902774381720967961e-04
7.513263058900361427e-04
8.152532786923934313e-04
8.820315671185622068e-04
9.515875193081009108e-04
1.023822266904571548e-03
1.098615950119164603e-03
1.175869418128477981e-03
1.255359506672370021e-03
1.337008667808601376e-03
1.420674492855308673e-03
1.506202210312325169e-03
1.593422724716155297e-03
1.682170646840596036e-03
1.772261819599846994e-03
1.863528260683617200e-03
1.955802563170169761e-03
2.048930896726195491e-03
2.142768168936948821e-03
2.237141660796197491e-03
2.331689740129154649e-03
2.426480810272452823e-03
2.521422432250652532e-03
2.616397446537847404e-03
2.710865277875838027e-03
2.805235170999762200e-03
2.899363637538089015e-03
2.992667449567708651e-03
3.085524771075882910e-03
3.177644740868566450e-03
3.268706994273771083e-03
3.359266005262434227e-03
3.448225456253576227e-03
3.536493799407850174e-03
3.623204724015385500e-03
3.708855460864109947e-03
3.792981409971112137e-03
3.875907159333908097e-03
3.957120196937007235e-03
4.037042286841848251e-03
4.115290859989427508e-03
4.192196819417704293e-03
4.267216508336029411e-03
4.340981041948666595e-03
4.412654757854889316e-03
4.483116937254768251e-03
4.551275884331956213e-03
4.618031731431010249e-03
4.682905973753248401e-03
4.745789644164143291e-03
4.807363037030673927e-03
4.866370309554669295e-03
4.924058908085364970e-03
4.979885344031307649e-03
5.033760950413155265e-03
5.086231866857857283e-03
5.136778822269970693e-03
5.185574707641508845e-03
5.233012086703727958e-03
5.278413793736908693e-03
5.322386291327349528e-03
5.364818475010577244e-03
5.405390135690041169e-03
5.444517147345713168e-03
5.482185198850200725e-03
5.518210173287161485e-03
5.552715448950145023e-03
5.585919447657451860e-03
5.617934133496619784e-03
5.648569118541914985e-03
5.677815431711993530e-03
5.706326315233185321e-03
5.733883067656733029e-03
5.760092681069822577e-03
5.785340824488725484e-03
5.810700904115223032e-03
5.834780147831037690e-03
5.857595908890184631e-03
5.880835256925768910e-03
5.903761139037381860e-03
5.925582591401791673e-03
5.946067390072928144e-03
5.968911877268915853e-03
5.990845313677203854e-03
6.011690301655398666e-03
6.031922184922869010e-03
6.055566011396556515e-03
6.078231192313629343e-03
6.099925687635806767e-03
6.121096916363718762e-03
6.147060952217659954e-03
6.172153577176577033e-03
6.196339643417696219e-03
6.219688009622065424e-03
6.248305100755809950e-03
6.276839807234107019e-03
6.304644253411112280e-03
6.331720735998087012e-03
6.361653264305365887e-03
6.393938680417017052e-03
6.425588062745071598e-03
6.456610555447452569e-03
6.487071988385670687e-03
6.523146625509533558e-03
6.558677481766880465e-03
6.593627302944646273e-03
6.628095527386320025e-03
6.663656233481170602e-03
6.702781024937785014e-03
6.741462340024810540e-03
6.779689348875742733e-03
6.817462422184221438e-03
6.856258716644599190e-03
6.897150242810537631e-03
6.937636420760462559e-03
6.977810311430333867e-03
7.017454044790922066e-03
7.057119197924545395e-03
7.097700671282972974e-03
7.137916403705946503e-03
7.177841590683614777e-03
7.217327547594383844e-03
7.256457689647964615e-03
7.295122127069715232e-03
7.333432056186532828e-03
7.371409154403290274e-03
7.409046078694840436e-03
7.446347837990353186e-03
7.482357538916948637e-03
7.516399135782309004e-03
7.550107007873355092e-03
7.583426979537315725e-03
7.616495992789303060e-03
7.649227039729676776e-03
7.678452705609034416e-03
7.705167818542187769e-03
7.731481308830311268e-03
7.757467780305116190e-03
7.783066726755731059e-03
7.808402235473029841e-03
7.829391408973675887e-03
7.846971932726237720e-03
7.864204470614545237e-03
7.881105221736690869e-03
7.897677143651485321e-03
7.913909508154183883e-03
7.927319628360138606e-03
7.934465952588887899e-03
7.941259479124569004e-03
7.947706497269458811e-03
7.953817978727892313e-03
7.959590142889057252e-03
7.965016479737496366e-03
7.962422882079191189e-03
7.957141327655507801e-03
7.951498142686509729e-03
7.945495828481970862e-03
7.939143678009576502e-03
7.932439203229267946e-03
7.925390337649494341e-03
7.907960643618813096e-03
7.889829854800153516e-03
7.871336720862197670e-03
7.852511365010162239e-03
7.833255012551089413e-03
7.813739037685337591e-03
7.793788242282878066e-03
7.764356852140466732e-03
7.733451310342775477e-03
7.702215613797665575e-03
7.670527047783681426e-03
7.638513211024751913e-03
7.606138716453679505e-03
7.573475023586853476e-03
7.534762361255499877e-03
7.490545859863002344e-03
7.445958941329087512e-03
7.400963119631748938e-03
7.355616378228227101e-03
7.309962074318688066e-03
7.263820113070480755e-03
7.217383088213695855e-03
7.162246342576747936e-03
7.105128114447329703e-03
7.047630397218101334e-03
6.989761722422608431e-03
6.931520765312886023e-03
6.872976537184538430e-03
