5.002001020629292564e-06
6.412316905810530631e-05
1.309657236739885766e-04
1.905562840146029699e-04
2.419036330918989644e-04
2.870446547319736863e-04
3.298783071777210054e-04
3.726917363891911342e-04
4.163779211269363380e-04
4.613785086301460032e-04
5.081500967817801457e-04
5.570614774013371833e-04
6.083549325271465089e-04
6.621584633602265292e-04
7.184985216008288583e-04
7.773514975633049207e-04
8.386524807279231329e-04
9.023143366799524527e-04
9.682314307819121562e-04
1.036316379583201259e-03
1.106372504359468900e-03
1.178331460783551849e-03
1.252067741575712883e-03
1.327444943829205436e-03
1.404314040578259542e-03
1.482529271203318491e-03
1.561928334593230697e-03
1.642363184796443321e-03
1.723686282966619635e-03
1.805762055571300201e-03
1.888462629955664062e-03
1.971635785605406043e-03
2.054962809233956775e-03
2.138503986012892794e-03
2.222177847738726966e-03
2.305881139487388296e-03
2.389137442085820587e-03
2.472307430659259966e-03
2.555264646219589358e-03
2.637495078847750061e-03
2.719332011740500151e-03
2.800519103350232897e-03
2.880774010176027130e-03
2.960585400669226049e-03
3.038987069164741147e-03
3.116779651961408982e-03
3.193199652803718498e-03
3.268685290718771012e-03
3.342827104808084124e-03
3.415911160641688094e-03
3.487485771677004218e-03
3.557922646521358839e-03
3.626884619750214613e-03
3.694663322551743501e-03
3.760779619724589472e-03
3.825789725265379883e-03
3.888957153605858679e-03
3.951056832375398307e-03
4.011126628883987695e-03
4.069959847132655420e-03
4.127134771568274733e-03
4.182555367304056221e-03
4.236821190929549071e-03
4.288825443778292341e-03
4.339667524520827990e-03
4.388868446085760107e-03
4.436350064510929080e-03
4.482593703236893191e-03
4.527141718418367482e-03
4.570146482481756561e-03
4.611953969221787263e-03
4.651967379301418307e-03
4.690721200045410051e-03
4.728117512874560960e-03
4.763874111128061153e-03
4.798357512761971394e-03
4.831555105067917438e-03
4.863304621988249685e-03
4.893714799419986335e-03
4.922978136630320502e-03
4.951193309579461459e-03
4.978192525868760203e-03
5.003967879113314053e-03
5.029095084137479889e-03
5.053381395164013509e-03
5.076480446807024073e-03
5.098732136544524736e-03
5.121082477840759907e-03
5.142303993901130646e-03
5.162411978466621525e-03
5.182893278371617472e-03
5.203098314746965221e-03
5.222329995949836871e-03
5.240383658616464685e-03
5.260516960104245909e-03
5.279847335012539250e-03
5.298218439384690462e-03
5.316049202775845368e-03
5.336886977451694124e-03
5.356862252961885375e-03
5.375982044562902483e-03
5.394640671289913439e-03
5.417523291337857962e-03
5.439637920216936276e-03
5.460953581467652834e-03
5.481530961538404537e-03
5.506751770551226825e-03
5.531899972449932056e-03
5.556404581876896523e-03
5.580267622962632734e-03
5.606647752330135015e-03
5.635101527203387715e-03
5.662994753263282666e-03
5.690335489421658940e-03
5.717181752804417760e-03
5.748975041831309168e-03
5.780289086351891002e-03
5.811091053464133294e-03
5.841468580116732263e-03
5.872808932237876499e-03
5.907290382313684120e-03
5.941380988165977442e-03
5.975071205206514309e-03
6.008361360134958570e-03
6.042553300146782415e-03
6.078591809187417101e-03
6.114273077075817013e-03
6.149679120148624466e-03
6.184617925501265795e-03
6.219575608970500519e-03
6.255340864429690013e-03
6.290783785395315936e-03
6.325970643043239520e-03
6.360770398861156742e-03
6.395256568221390284e-03
6.429332305230120968e-03
6.463095607457097942e-03
6.496565579437290835e-03
6.529735749610945418e-03
6.562610532446191275e-03
6.594346600238883832e-03
6.624348141527742172e-03
6.654055564768098473e-03
6.683421123963811591e-03
6.712565508635070892e-03
6.741412037094084327e-03
6.767169206811864471e-03
6.790713778571615469e-03
6.813904392608993027e-03
6.836806798657585338e-03
6.859367671478328564e-03
6.881696371475114204e-03
6.900194563372740938e-03
6.915688647232401051e-03
6.930876044401265527e-03
6.945771031459059205e-03
6.960376214957158733e-03
6.974682139909469704e-03
6.986500766829858815e-03
6.992798990290535061e-03
6.998786286274860484e-03
7.004468197656066666e-03
7.009854394007348707e-03
7.014941543400760385e-03
7.019723908426572963e-03
7.017438150336277256e-03
7.012783443962512450e-03
7.007810025497523097e-03
7.002520099390784590e-03
6.996921855707861904e-03
6.991013101689098896e-03
6.984800829283018334e-03
6.969439731469286199e-03
6.953460745092910830e-03
6.937162416813003572e-03
6.920571294748474253e-03
6.903600326957025010e-03
6.886400548762126005e-03
6.868817554549495885e-03
6.842879127586727270e-03
6.815641501869740097e-03
6.788112904156286959e-03
6.760185183716131870e-03
6.731970795637831108e-03
6.703438552659194381e-03
6.674651433363194483e-03
6.640533238757448387e-03
6.601564402683608550e-03
6.562269110571689740e-03
6.522613443965713173e-03
6.482648504790558888e-03
6.442412504524227743e-03
6.401746722290948231e-03
6.360820894488353715e-03
6.312227831237574548e-03
6.261888448277489957e-03
6.211214613955243907e-03
6.160213847277754354e-03
6.108884980707988965e-03
6.057288835226716864e-03
