5.687090211697834344e-06
7.290555763380376431e-05
1.489029167461515036e-04
2.166550339747847962e-04
2.750349355037716805e-04
3.263584952929298876e-04
3.750586816406437226e-04
4.237358854201087131e-04
4.734053844773631258e-04
5.245693135844536632e-04
5.777468073389256057e-04
6.333571682292727170e-04
6.916758610733086780e-04
7.528484172660246561e-04
8.169049104322377618e-04
8.838184966223852244e-04
9.535153746272889827e-04
1.025896475733624469e-03
1.100841697295292659e-03
1.178251687582046155e-03
1.257902830097119059e-03
1.339717419707249675e-03
1.423552759107926495e-03
1.509253763148808800e-03
1.596650993731992766e-03
1.685578726520838575e-03
1.775852431301749813e-03
1.867303785396353701e-03
1.959765042677135728e-03
2.053082061108045184e-03
2.147109454283486173e-03
2.241674153241981528e-03
2.336413793102307210e-03
2.431396915788725833e-03
2.526530895027206351e-03
2.621698333918513930e-03
2.716357561923277847e-03
2.810918652954053597e-03
2.905237827903133386e-03
2.998730677205422180e-03
3.091776131004835958e-03
3.184082738818867168e-03
3.275329486902482743e-03
3.366071972633760852e-03
3.455211657263128604e-03
3.543658833489947511e-03
3.630545435455205527e-03
3.716369701342286513e-03
3.800666089893822274e-03
3.883759846748888536e-03
3.965137421487237995e-03
4.045221432727895937e-03
4.123628536313695553e-03
4.200690305697544515e-03
4.275861982653687311e-03
4.349775961005025726e-03
4.421594885405092171e-03
4.492199818379572981e-03
4.560496852426089605e-03
4.627387943520715717e-03
4.692393617451958918e-03
4.755404686340961029e-03
4.817102822787550954e-03
4.876229639782448527e-03
4.934035110894268404e-03
4.989974646481007067e-03
5.043959399947659829e-03
5.096536617355149242e-03
5.147185975673979411e-03
5.196080716059855997e-03
5.243614197640320516e-03
5.289107882840919650e-03
5.333169462853250102e-03
5.375687608145879662e-03
5.416341460986009645e-03
5.455547737810112312e-03
5.493292098512027842e-03
5.529390053282230537e-03
5.563965230267234677e-03
5.597236493841663968e-03
5.629316034999057132e-03
5.660013080023475890e-03
5.689318639656942497e-03
5.717887279637835080e-03
5.745499855422568115e-03
5.771762562847544339e-03
5.797061852308779163e-03
5.822473304747244685e-03
5.846601326275124855e-03
5.869463305310641463e-03
5.892749729507194313e-03
5.915722052690712031e-03
5.937587708559330379e-03
5.958114002651888723e-03
5.981004765996445795e-03
6.002982632769032073e-03
6.023869845922790421e-03
6.044142712220691022e-03
6.067834434229145077e-03
6.090545527957037623e-03
6.112283969497407307e-03
6.133498084290589514e-03
6.159514716277011276e-03
6.184658171889942380e-03
6.208893232100540227e-03
6.232288895107959865e-03
6.260963957273976699e-03
6.289556467838873510e-03
6.317417238607325389e-03
6.344548570945960850e-03
6.374541735204335841e-03
6.406892554086091214e-03
6.438606050583879463e-03
6.469691387386230369e-03
6.500214527723640646e-03
6.536362244170486335e-03
6.571965078039549574e-03
6.606985699657479637e-03
6.641523748822998272e-03
6.677156492828855913e-03
6.716360542567707988e-03
6.755120217440384149e-03
6.793424665646422694e-03
6.831274258630312506e-03
6.870149145537823854e-03
6.911123508622661268e-03
6.951691702242635863e-03
6.991946975896497912e-03
7.031671018096829345e-03
7.071416523265069802e-03
7.112080204531767182e-03
7.152377403858005758e-03
7.192383469101486064e-03
7.231949414365768797e-03
7.271158823881828867e-03
7.309901584353402197e-03
7.348289118196247964e-03
7.386343146809845606e-03
7.424056312296467390e-03
7.461433633732491785e-03
7.497516278735190387e-03
7.531626831691257129e-03
7.565402983738254636e-03
7.598790449445559127e-03
7.631926448315604072e-03
7.664723796152650773e-03
7.694008660630474380e-03
7.720777885529576598e-03
7.747144674080035792e-03
7.773183781283772402e-03
7.798834578326041718e-03
7.824221403941475014e-03
7.845253088397190558e-03
7.862869216978780190e-03
7.880136654699540499e-03
7.897071633475874486e-03
7.913677116859758887e-03
7.929942354916449249e-03
7.943379630770609767e-03
7.950540420081119927e-03
7.957347696966387413e-03
7.963807763475145782e-03
7.969931613541085536e-03
7.975715458895098545e-03
7.981152776336014609e-03
7.978553911213898814e-03
7.973261643674629806e-03
7.967607012986278534e-03
7.961592525528088035e-03
7.955227493097651731e-03
7.948509422614904313e-03
7.941446263664254934e-03
7.923981245509775784e-03
7.905813712258924833e-03
7.887283099858118443e-03
7.868419592559334694e-03
7.849124215513897385e-03
7.829568690149840346e-03
7.809577463436994348e-03
7.780086435369290392e-03
7.749118269265018420e-03
7.717819279638101632e-03
7.686066503101583042e-03
7.653987796943059405e-03
7.621547702385070462e-03
7.588817823745304045e-03
7.550026721437399016e-03
7.505720630316722874e-03
7.461043371718465572e-03
7.415956381642945135e-03
7.370517761025395520e-03
7.324770954930313188e-03
7.278535503589284895e-03
7.232004390989769417e-03
7.176755933884214692e-03
7.119521980292383041e-03
7.061907768901243103e-03
7.003921848528453856e-03
6.945562891746862727e-03
6.886900049669680314e-03
