1.217634780093651569e-07
7.186667802245754419e-08
4.770129370182751405e-08
3.499270630197044191e-08
2.712424756657032412e-08
2.350755558853387886e-08
1.838834767035906034e-08
1.586729962623529900e-08
1.335701816720745621e-08
1.265027739286135674e-08
1.094344118448245978e-08
9.427282546570590787e-09
8.791512581070506426e-09
7.736913098530022782e-09
6.709422216685989532e-09
6.405478255521693169e-09
6.161354066253076720e-09
5.520388449213513905e-09
5.158783482168010646e-09
4.774819148198470106e-09
4.360341557869895131e-09
4.237468010421621688e-09
3.752820838481273949e-09
3.652193002328274064e-09
3.226421640743182465e-09
3.166058176517418540e-09
2.878781395700305551e-09
2.779333577632611962e-09
2.525023704800573263e-09
2.457856922321410383e-09
2.337207672721040609e-09
2.184419528579135696e-09
2.103405884094811344e-09
1.986503382697239396e-09
1.856237314372878731e-09
1.793095891968084811e-09
1.759078030427783073e-09
1.669648936925249672e-09
1.593568220762528424e-09
1.542036277576257361e-09
1.453947524309311805e-09
1.461185120571422956e-09
1.357124817545520751e-09
1.348338020801413097e-09
1.319183190563071699e-09
1.307394854204582903e-09
1.253667182127627365e-09
1.212330806113573142e-09
1.173796942059219644e-09
1.135565354895828106e-09
1.179359071263566509e-09
1.102368931231545559e-09
1.067243070732125932e-09
1.065541176005997607e-09
1.049594438700406841e-09
9.877554297130485848e-10
9.735801752455668832e-10
9.308328591089353002e-10
9.179492560043749106e-10
8.793191597550427662e-10
8.782438253244676317e-10
8.629763415390425113e-10
8.208294238390075187e-10
8.024594766217018351e-10
7.799456384571782861e-10
7.719322072387607511e-10
7.254128602718587007e-10
6.906078428605748650e-10
6.403732677973611522e-10
6.329311634343458557e-10
6.036815266031224506e-10
5.752181739765244053e-10
5.300626094873203554e-10
5.010775559513917663e-10
4.883313701014303451e-10
4.392910123764085686e-10
4.236951071831394879e-10
3.855618104946368509e-10
3.715861832464749877e-10
3.343103676871867228e-10
2.974928991665250781e-10
2.783521630318963059e-10
2.606036634363219646e-10
2.339435170236648132e-10
2.096489276968508645e-10
1.893404882074890409e-10
1.704320352358969617e-10
1.538042702451794073e-10
1.348020294740089393e-10
1.195493360981314553e-10
1.100605113990512597e-10
9.190621970238727674e-11
7.903259858472194007e-11
7.133289804427234133e-11
5.973635604261504809e-11
5.096002709905303051e-11
4.303225469439228900e-11
3.729004896845373912e-11
3.022357822535416268e-11
2.526834039716472412e-11
2.068218606743867992e-11
1.801839902746593394e-11
1.487738691551624919e-11
1.140621012963064249e-11
9.503800062734738742e-12
7.755517236735853213e-12
6.247905471354911899e-12
4.863043949767160072e-12
3.736641483447780484e-12
2.755847882769859158e-12
2.096097349674970132e-12
1.465394425019331115e-12
1.198397527555317430e-12
7.560986206093874009e-13
5.211198018032180820e-13
3.102226123607611363e-13
1.777992372019493909e-13
8.746991008553278859e-14
2.832615738118813658e-14
1.019480339481087148e-14
1.774484508456822182e-15
3.599650880583617705e-16
4.766334105072048797e-17
8.456297559427379418e-18
3.051945355655998839e-18
1.284618897887480208e-18
-5.585989433128155616e-19
-5.158595873100957896e-19
-3.716718072573255111e-18
6.660213970942342557e-19
3.663876173484308473e-18
-1.192247528941466598e-18
-4.603711339978819828e-18
5.549455064335714472e-19
-9.779854701805232089e-19
3.587963795576635313e-18
-1.604319171434074000e-18
1.782064863578245833e-18
-5.221099274239620499e-19
1.566304152739384506e-18
1.524075421686643934e-18
1.659565702447178611e-19
-1.003936850150155400e-19
3.651927638008386086e-20
1.569344509359785809e-19
-9.179114548476516620e-19
-1.326261168700794820e-18
1.084132713463042307e-18
-2.145543788831726289e-18
1.945349694968875995e-18
-1.515665301504010871e-18
-3.388499263238361048e-18
1.334206820918415665e-18
1.463058284152202264e-18
-7.003618253824794402e-19
-1.715955608145477789e-18
-1.236215506878681972e-18
6.340824247471445710e-19
-2.316895369373152729e-18
-1.206539576040563954e-18
7.326240563129103381e-19
2.974437958778205589e-18
6.668325844642793939e-19
-3.723310823866646109e-19
-3.283908202731208548e-18
4.551323054537218389e-19
1.289069862544512872e-19
-6.078854454795135615e-19
-7.856602391247117900e-19
-2.456915443203013748e-18
2.033039347158027879e-19
-6.670664665193926059e-19
-1.830329376791604715e-18
-1.828909489691258457e-18
-3.781800933830393943e-18
3.816489518915835448e-18
-1.890930969439688356e-18
1.586101810259141183e-18
-9.711007808846191499e-19
-2.258951896506323005e-18
-6.644559603376439103e-19
-2.045945474123027084e-18
4.403185248170061365e-19
1.911769448145326147e-18
-9.376388032435890942e-19
1.578812881487758582e-18
-5.282020775755988441e-18
1.677410096478289750e-18
-1.319103784687496936e-18
1.692919839202247698e-19
-3.583552981155407748e-18
-2.374570290739292742e-18
-8.463953554632234741e-19
2.204171203619952259e-18
-1.820906404759672727e-18
5.976282238315530099e-19
-1.777057959559840772e-18
5.790828158654371781e-19
8.049830346209748304e-19
