1.451431191311004611e-05
2.052599981272034010e-04
4.203911610676958500e-04
6.124727478350837622e-04
7.777426703900884889e-04
9.225604635834974395e-04
1.058234256933880115e-03
1.191235624955734422e-03
1.323826153514947018e-03
1.456832944708771199e-03
1.591062178590613293e-03
1.727057597663144177e-03
1.865125304609377031e-03
2.005255813417607200e-03
2.147283853805711726e-03
2.290895313210374561e-03
2.435758053804186040e-03
2.581505416952418770e-03
2.727779759395017409e-03
2.874319761072951368e-03
3.020626220315226779e-03
3.166579022040802872e-03
3.311932746296975677e-03
3.456489940493404599e-03
3.599952824116707615e-03
3.742114067046582206e-03
3.882727888799035552e-03
4.021607580933089787e-03
4.158580716912899967e-03
4.293499592693505486e-03
4.426294569332063153e-03
4.556699477920662239e-03
4.684289951425754488e-03
4.809379592876229792e-03
4.931981682862103013e-03
5.051996002596359329e-03
5.168793246341861491e-03
5.283144439139634413e-03
5.395033701163768139e-03
5.503456842396594641e-03
5.609508435172516974e-03
5.712698356184684606e-03
5.812704939725217047e-03
5.910571896966081151e-03
6.004388707801093170e-03
6.096119905380323334e-03
6.184302169007137306e-03
6.269957345840631788e-03
6.352403347236652148e-03
6.432196003714840335e-03
6.508989576400392441e-03
6.583214598604444218e-03
6.654464837440811700e-03
6.723396002354769564e-03
6.789294382653419772e-03
6.853163177337782269e-03
6.913483332742115760e-03
6.972244587355387255e-03
7.027480404427495844e-03
7.080814392390537976e-03
7.131347424419744695e-03
7.179173788901233901e-03
7.225399046127498927e-03
7.268023255597152142e-03
7.309036006367721112e-03
7.347712929481767762e-03
7.383938137315789428e-03
7.418592459688533661e-03
7.450801911188610627e-03
7.481187874635268110e-03
7.510048692923100046e-03
7.536501730002738084e-03
7.561457991223262051e-03
7.584818260735608567e-03
7.606053855773843055e-03
7.625837293327172341e-03
7.644160953146031390e-03
7.660707167739702443e-03
7.675914584853686141e-03
7.689608962395059165e-03
7.702372050108445035e-03
7.713831849535530451e-03
7.723966451900802881e-03
7.733712639628889142e-03
7.742740253125352835e-03
7.750506253839654913e-03
7.757457983707968970e-03
7.765325338714835698e-03
7.771921286350499079e-03
7.777347059421635574e-03
7.783878552443614443e-03
7.790501641782356448e-03
7.795958152864690058e-03
7.800498829587759059e-03
7.808440028682034004e-03
7.815624496942803062e-03
7.821820346967755036e-03
7.827647101729635210e-03
7.838361986128524611e-03
7.848133693163754018e-03
7.857143362929690233e-03
7.865857574477892744e-03
7.881049129563213670e-03
7.895469252914618513e-03
7.909126847221689335e-03
7.922030689833933076e-03
7.941922646084986423e-03
7.962028122555975251e-03
7.981480784282748986e-03
8.000286126389956343e-03
8.022962380080288225e-03
8.048846791040752124e-03
8.074168794905633995e-03
8.098933907424095066e-03
8.123227811709531412e-03
8.154812485745481163e-03
8.185924207880139122e-03
8.216554486164158455e-03
8.246718424576100076e-03
8.278521684314027809e-03
8.315086260641884122e-03
8.351247514693606322e-03
8.387068519570035560e-03
8.422381431230870075e-03
8.459271180120691777e-03
8.499036116881533709e-03
8.538454185860008816e-03
8.577525564233615465e-03
8.616255712423803725e-03
8.655234713067202004e-03
8.695634066977686247e-03
8.735719074688794508e-03
8.775493429243363605e-03
8.815082841547743076e-03
8.854183560140461637e-03
8.893282564482383329e-03
8.932024464955654053e-03
8.970556204249710217e-03
9.008792653214485815e-03
9.046738224809173362e-03
9.083409247409598639e-03
9.118103098957995242e-03
9.152504319939580579e-03
9.186617023020562239e-03
9.220446450187510731e-03
9.253982291114305411e-03
9.283668926528826013e-03
9.310455366304187103e-03
9.336973473740354384e-03
9.363192303541384084e-03
9.389137124333295920e-03
9.414742185587233331e-03
9.435485955488667753e-03
9.452407905070951688e-03
9.469009433824558328e-03
9.485299615335394605e-03
9.501316239238936923e-03
9.516944100760980560e-03
9.529507147235775216e-03
9.534852691959494822e-03
9.539781363162254391e-03
9.544457454485226477e-03
9.548806987519560877e-03
9.552826804592844112e-03
9.556514402154308446e-03
9.550887971005606741e-03
9.542189136486099732e-03
9.533135252191285089e-03
9.523725613472566395e-03
9.513967004280076203e-03
9.503860093009366961e-03
9.493407735598586097e-03
9.470840596938614325e-03
9.447521389639482528e-03
9.423833085511749974e-03
9.399776364886147650e-03
9.375348537001303162e-03
9.350559966675310586e-03
9.325412730659961291e-03
9.289181499861997801e-03
9.251247194265179233e-03
9.212895019953105599e-03
9.174175837629526195e-03
9.135078976395418979e-03
9.095605770293146639e-03
9.055762170211617557e-03
9.008938354916926766e-03
8.955546354637673387e-03
8.901753754265417581e-03
8.847565005406654234e-03
8.792988650108673337e-03
8.738024764187708390e-03
8.682673030857096519e-03
8.626942871603293303e-03
8.560893791500682679e-03
8.492541307668945161e-03
8.423785967805904468e-03
8.354633673655716478e-03
8.285099490770655647e-03
8.215152533508889715e-03
