4.698952037780990586e-08
2.763296330040955687e-08
1.897048071579920579e-08
1.467461251861656784e-08
1.054812177729231922e-08
9.319330335856070989e-09
7.280525504639327765e-09
6.353436600145695545e-09
5.303492572259541375e-09
4.786859569017679697e-09
4.083184342785537594e-09
3.735931850323714767e-09
3.427459232737392269e-09
3.078589698594143810e-09
2.786096670559926393e-09
2.611946391016748188e-09
2.469232646216725459e-09
2.286960331820559338e-09
2.234665548224013370e-09
2.073230164006187674e-09
1.938507011983556234e-09
1.788857850710107156e-09
1.717659821337979598e-09
1.663864018439067585e-09
1.611204651630656723e-09
1.521509239166573530e-09
1.444007981933242643e-09
1.412845987421230381e-09
1.349192297539044082e-09
1.274419767146795614e-09
1.265230600756189251e-09
1.196516973299851420e-09
1.158767197412181850e-09
1.127922434274766254e-09
1.100025340638002234e-09
1.056836752254657198e-09
1.031640751722878661e-09
1.000280674189356373e-09
9.685103789854679786e-10
9.601437777319934320e-10
9.213032857525799495e-10
8.853049133694394583e-10
8.629954536460363798e-10
8.453985134004967714e-10
8.081133052632558682e-10
8.075589442439733662e-10
7.879116622051403390e-10
7.580804946468501937e-10
7.433252790853182797e-10
7.198908740671926134e-10
7.119503260886997680e-10
6.906433404644617021e-10
6.685803548977840618e-10
6.502742428726323520e-10
6.366349774024054029e-10
6.217880837571303482e-10
6.057125121455900666e-10
5.926619587383705256e-10
5.775597398185684781e-10
5.656164656001187353e-10
5.530681446816715788e-10
5.406734804600505061e-10
5.230863671372902971e-10
5.106284532938258019e-10
4.944541905364464128e-10
4.827824309523266604e-10
4.791074515776026142e-10
4.655808098808565739e-10
4.541894685575248904e-10
4.449232677464366233e-10
4.361031778684988952e-10
4.251570755172216713e-10
4.193086098602179888e-10
4.084496927050181066e-10
4.063892441372471852e-10
3.946321548215661253e-10
3.839848669802182859e-10
3.721085213005916322e-10
3.715793704032412519e-10
3.548069183617103446e-10
3.463896401719037228e-10
3.423030698627419125e-10
3.412231258128433493e-10
3.295229216039500424e-10
3.225820319977190713e-10
3.176199460929800563e-10
3.082862382114979226e-10
3.001119798348739060e-10
2.937078470154547492e-10
2.851167607545087993e-10
2.823092843902588038e-10
2.734685331629117611e-10
2.744422357294653682e-10
2.689494550238966159e-10
2.647607686728893039e-10
2.583966102966900938e-10
2.531670241367176565e-10
2.467001680905905251e-10
2.422040546635582665e-10
2.399256700959783484e-10
2.361217777064566454e-10
2.309145139202443460e-10
2.274222938143210047e-10
2.203981447548508001e-10
2.219442206354637644e-10
2.193008807536025082e-10
2.150484847838212011e-10
2.100088089240330358e-10
2.064215263539253924e-10
2.038672943301718731e-10
2.021094829085247385e-10
1.985755837842855758e-10
1.963478599738890405e-10
1.948981923246966797e-10
1.912995942297106792e-10
1.923808715774729361e-10
1.872482135361645875e-10
1.862871984421961330e-10
1.842924512285673907e-10
1.794897810260623301e-10
1.796112789636174001e-10
1.788543842392472118e-10
1.759949949193853289e-10
1.722160125689448800e-10
1.735313503713784118e-10
1.699354694842140290e-10
1.684122204023799462e-10
1.667102213362194283e-10
1.651007838231440198e-10
1.643599500758569586e-10
1.618536396920272128e-10
1.608341463227331022e-10
1.584674743555672559e-10
1.568844475653480606e-10
1.555628058568949442e-10
1.537066712022363564e-10
1.526088826217476621e-10
1.502410424386494167e-10
1.487820566895568354e-10
1.488524454883812028e-10
1.473430015107158883e-10
1.474923036530224820e-10
1.458790449804560510e-10
1.451258162564065598e-10
1.419656554361695270e-10
1.407860832797853183e-10
1.395926028649067652e-10
1.370939367384637719e-10
1.368990143188077380e-10
1.354385276593906013e-10
1.336842393333643028e-10
1.316527530323522860e-10
1.325407495832816023e-10
1.308109894271675010e-10
1.302851933700573487e-10
1.278835230182212380e-10
1.263366590264244822e-10
1.264382375456415632e-10
1.241080087397795834e-10
1.215206537302115151e-10
1.217246940972636215e-10
1.200396080959985362e-10
1.196731871443834421e-10
1.152413413938388484e-10
1.147648933241142830e-10
1.133865860786020904e-10
1.115933720521324707e-10
1.117785385962436860e-10
1.093109912924414389e-10
1.074888199339450132e-10
1.054636855959204212e-10
1.061740048240427849e-10
1.040124513483854140e-10
1.022795656048277516e-10
1.014062747892355208e-10
1.007049145551825001e-10
9.842648731020837916e-11
9.895067400870608197e-11
9.640020522398995686e-11
9.594940884630534785e-11
9.284248221033924479e-11
9.265194220588673541e-11
9.064649905513852209e-11
8.941409634758006935e-11
8.790331070368286959e-11
8.647865504376691515e-11
8.520980713126987390e-11
8.367096718596086735e-11
8.221074891239927807e-11
8.100666215818521117e-11
8.048167841441726928e-11
7.749466914146024969e-11
7.684770816721748824e-11
7.514083332604942777e-11
7.435888690453129807e-11
7.298899203700953192e-11
7.217385665094024231e-11
7.040691855735062321e-11
6.914795357224206398e-11
