4.065988833962550616e-07
2.369132742708628591e-07
1.636956039491038333e-07
1.261063443884773757e-07
9.066331805395534831e-08
8.078767269084258296e-08
6.300779988509763142e-08
5.511436702673185118e-08
4.629652981166767362e-08
4.133344922120265860e-08
3.556431679848517597e-08
3.232612759963146992e-08
2.992351022095037711e-08
2.669755886254697438e-08
2.412764671497305528e-08
2.273371015893495653e-08
2.151171830758043751e-08
1.999898188564217791e-08
1.967371224479907851e-08
1.812133649490088515e-08
1.698275032509758499e-08
1.561673346028252210e-08
1.495033830233452058e-08
1.450463768779420907e-08
1.393176486196602015e-08
1.331961990911308596e-08
1.251986758135983373e-08
1.232042219070461020e-08
1.165057110499555399e-08
1.101379472861093923e-08
1.091383654745022337e-08
1.034474212972071174e-08
9.983365022672853176e-09
9.718033431574185887e-09
9.426176451061790870e-09
9.049309066064877085e-09
8.814973754554389210e-09
8.512016438270280967e-09
8.288059829346512308e-09
8.154323592513957897e-09
7.848226941240018923e-09
7.519399831774256686e-09
7.323954551827210879e-09
7.137468424781449450e-09
6.788318628868786964e-09
6.810445621712101450e-09
6.602903305899368827e-09
6.364943092973169663e-09
6.184726532728657552e-09
6.014612073459631310e-09
5.911118382141198349e-09
5.729673819009733061e-09
5.555895695494743515e-09
5.392584837338724281e-09
5.246748731399058785e-09
5.146214768133751194e-09
4.984181146607574319e-09
4.889383116997557060e-09
4.758355065108825468e-09
4.650925220374374906e-09
4.550731616331917039e-09
4.453907115467286372e-09
4.286648755508095086e-09
4.176580952227377730e-09
4.060651704203643114e-09
3.960554033965545526e-09
3.914151128958319917e-09
3.810604794641386611e-09
3.719964720635570820e-09
3.646789702881540207e-09
3.573230836395124654e-09
3.479417235794904183e-09
3.427284792664372549e-09
3.350763460232888797e-09
3.331553470181817285e-09
3.237932617951990855e-09
3.153329572005031475e-09
3.061330512277600677e-09
3.052951248812558940e-09
2.915621875302142284e-09
2.856878533403573214e-09
2.818279676785146970e-09
2.803462708496899948e-09
2.718296132701360059e-09
2.672633586056814066e-09
2.631057720218508018e-09
2.551872819333149270e-09
2.490390604652082278e-09
2.447790585685797974e-09
2.382869412541549780e-09
2.361632383638454112e-09
2.300892218147724095e-09
2.301841596895228523e-09
2.255227327741954685e-09
2.233274619064479393e-09
2.183677373000324000e-09
2.137793326323100352e-09
2.097554706956276183e-09
2.052562881281274025e-09
2.040771483587415472e-09
2.014851188495373823e-09
1.975940533590086060e-09
1.947307044230505659e-09
1.891442515632723655e-09
1.908269628560067434e-09
1.892612675551189079e-09
1.859052940635616721e-09
1.813674052899617999e-09
1.791970685044947772e-09
1.773361187622644344e-09
1.758456446249982949e-09
1.731761144316472595e-09
1.719289028748002778e-09
1.704725316974774682e-09
1.672311379834997872e-09
1.690057766964860554e-09
1.650370737990172741e-09
1.644086025972940622e-09
1.625345847950381994e-09
1.589752919210496012e-09
1.586922494213807619e-09
1.579915137947268510e-09
1.564722499180810077e-09
1.523017725399400931e-09
1.533018947986223032e-09
1.510733139685968471e-09
1.493105224029157506e-09
1.476391229677532743e-09
1.462889281371999607e-09
1.455222651086146753e-09
1.433054902671997733e-09
1.423422354817919430e-09
1.396948797918717677e-09
1.383309404843940166e-09
1.370250805842446300e-09
1.351968218264328127e-09
1.342334992779005658e-09
1.321067134719016078e-09
1.296422216491743099e-09
1.294336096455551028e-09
1.276858419298423523e-09
1.277262694563875539e-09
1.258249361476455888e-09
1.245696665610471370e-09
1.216411221883918938e-09
1.200952118083063739e-09
1.184221943942367438e-09
1.158322017264821519e-09
1.152423981610302054e-09
1.133516414703631821e-09
1.109189393214431248e-09
1.095587519431387624e-09
1.095443170184459158e-09
1.074218592513119213e-09
1.064399049528033978e-09
1.038439671670393601e-09
1.024474785873610875e-09
1.014180711230293193e-09
9.897642068145696890e-10
9.632074386409925016e-10
9.615773991465455473e-10
9.401971818950378725e-10
9.328105057084837963e-10
8.873582875964301272e-10
8.825996135758607931e-10
8.639833448117850396e-10
8.434734032823220837e-10
8.409096631785963724e-10
8.158044882059328908e-10
7.956794494079662771e-10
7.763129841436224353e-10
7.759425488532251263e-10
7.528193079523302331e-10
7.345940521617931993e-10
7.227766866810113074e-10
7.105272711443499535e-10
6.902919639586197967e-10
6.881830975917613070e-10
6.671537236974286239e-10
6.564536437343493974e-10
6.311957587495740065e-10
6.255378088295445594e-10
6.047559844800778908e-10
5.928077349308092212e-10
5.778117845797335020e-10
5.613186058135800792e-10
5.492727968532755683e-10
5.357924241806171314e-10
5.210520708175188256e-10
5.077992017713395537e-10
5.011924005360727419e-10
4.784329102840200199e-10
4.702645524522361626e-10
4.560521317070079299e-10
4.464873231970516506e-10
4.346585523603266142e-10
4.262568453196456895e-10
4.114426193758846443e-10
3.997407230835413560e-10
