6.546771981908062992e-06
-1.582751320772525102e-06
1.219303436303762204e-06
8.463111594779195603e-06
1.005163612131102593e-05
7.817408487852004902e-06
9.052801527117212518e-06
1.434976355507525746e-05
1.856408330890309792e-05
2.040653924352202846e-05
2.354078870627373765e-05
2.970152836222031444e-05
3.621537534148411486e-05
4.203988688525054409e-05
4.878291353544325718e-05
5.730225745737792107e-05
6.681218152701246665e-05
7.672226806790768993e-05
8.742089998538469229e-05
9.941202782300156895e-05
1.126267425281288290e-04
1.267727640352208989e-04
1.419297591248829384e-04
1.584621018323525293e-04
1.765337988289043499e-04
1.959800138449634555e-04
2.167075365321678802e-04
2.388001220649256626e-04
2.622379212996542590e-04
2.867732920745507297e-04
3.123198693227691278e-04
3.390463970804279657e-04
3.673259643553663926e-04
3.976454138446514921e-04
4.306417044917519349e-04
4.670771843152935377e-04
5.077792267004120012e-04
5.536274163564903041e-04
6.056635440221975076e-04
6.652756774286068108e-04
7.342351957085761554e-04
8.146718117131971932e-04
9.090140070799966176e-04
1.019925962353845353e-03
1.150483407355857050e-03
1.303892342768582036e-03
1.483772044456726884e-03
1.693642871268785611e-03
1.937267098336106080e-03
2.217784802820762981e-03
2.537418096228776301e-03
2.897105703965050395e-03
3.295790160803140165e-03
3.730956192308041135e-03
4.196024376388768698e-03
4.680728635845243964e-03
5.170633730713615483e-03
5.650096997050666273e-03
6.095321965521626958e-03
6.489235628124949071e-03
6.814709153791971737e-03
7.074823886450604810e-03
7.312715171337096434e-03
7.613882887594475984e-03
8.062614718966576444e-03
8.649395840644120981e-03
9.226495138311219604e-03
