5.697678560397188824e-06
-1.708216888030756263e-06
7.561324684240425747e-07
7.225636218039997525e-06
8.561942217628602068e-06
6.413414490812600339e-06
7.381803929855591742e-06
1.200792191178412997e-05
1.562385415409288982e-05
1.704987571456182150e-05
1.961103430275443622e-05
2.488990438605585330e-05
3.045207684766131057e-05
3.534162574569919293e-05
4.102544796797535790e-05
4.829126044794342001e-05
5.641988980970165900e-05
6.486576677151193544e-05
7.398069980415623967e-05
8.422341404231520020e-05
9.552289764046240604e-05
1.075993533019770272e-04
1.205178843972220127e-04
1.346122122737443362e-04
1.500378908221083809e-04
1.666515181524783355e-04
1.843812132755590061e-04
2.033201477143495664e-04
2.234534598499576493e-04
2.445399301712015082e-04
2.664638350059019738e-04
2.893286784296849809e-04
3.134210744280297996e-04
3.391314729883658161e-04
3.670057512139070525e-04
3.976979315575715577e-04
4.319002668230001994e-04
4.703272211377261167e-04
5.138078992938116410e-04
5.634494322943986748e-04
6.207090349483403331e-04
6.873503556784184504e-04
7.653870828737059130e-04
8.570335528805200038e-04
9.648089055904662727e-04
1.091385708511720702e-03
1.239724563459244314e-03
1.412795826823176008e-03
1.613696220481046582e-03
1.845075187952990468e-03
2.108864618177227080e-03
2.405818661770306194e-03
2.735179822812247065e-03
3.095069123017673944e-03
3.479996302881287716e-03
3.881951356179884002e-03
4.289234522769588311e-03
4.689288583548571233e-03
5.062824435790473643e-03
5.395935613943712850e-03
5.674313197067195301e-03
5.900244121656942134e-03
6.108668508605232840e-03
6.371378115050035928e-03
6.759819567026756522e-03
7.265058151000680295e-03
7.759000680465833258e-03
