5.686964405416948033e-06
-1.721051019299448183e-06
7.395959493334769782e-07
7.203843397806237451e-06
8.534424194915831788e-06
6.379643967646379961e-06
7.339715684441690348e-06
1.195461860735053624e-05
1.555735289608705098e-05
1.696866584031790038e-05
1.951208362125092727e-05
2.476877153038920887e-05
3.030522038806317492e-05
3.516612041413975454e-05
4.081726766155296851e-05
4.804548925145756238e-05
5.613211339687986212e-05
6.453217853843019967e-05
7.359717590996798207e-05
8.378515747063948580e-05
9.502483847063553676e-05
1.070364790604066290e-04
1.198845269537795680e-04
1.339015604419019432e-04
1.492423109323553891e-04
1.657640660682883123e-04
1.833932411728374083e-04
2.022250474414094123e-04
2.222476993915239313e-04
2.432190864052233119e-04
2.650252182572237678e-04
2.877690526318012632e-04
3.117352531253354667e-04
3.373118400927040302e-04
3.650408933837734956e-04
3.955743402117264029e-04
4.296042105114102126e-04
4.678380364841619259e-04
5.111016456768668155e-04
5.605023675814233561e-04
6.174832386593193546e-04
6.838016234801815941e-04
7.614607592987073957e-04
8.526647227719323045e-04
9.599194708835924765e-04
1.085884675152569336e-03
1.233501995009710387e-03
1.405729853222306919e-03
1.605646296565201936e-03
1.835873584983311376e-03
2.098339993248904845e-03
2.393792640212249589e-03
2.721463555346877346e-03
3.079463369726191668e-03
3.462365391128104097e-03
3.862165939783298359e-03
4.267196846258172055e-03
4.665019052746829757e-03
5.036370643879518362e-03
5.367517673123057761e-03
5.644277022151261355e-03
5.868700825961753118e-03
6.075754197890756783e-03
6.336736689912953087e-03
6.722795846665509563e-03
7.225022191946972420e-03
7.715799674980735115e-03
7.971417780998711622e-03
7.768562169459693363e-03
6.930473750346818895e-03
5.362695037666718491e-03
