8.922118752540019856e-06
-2.438953768675920296e-06
1.406938247944889993e-06
1.143006367027193461e-05
1.356742326343022593e-05
1.036280568502692749e-05
1.197951611299125749e-05
1.925203192799401260e-05
2.500612646639351736e-05
2.743046620304998056e-05
3.164839668875808764e-05
4.010317255845079665e-05
4.905625024239021752e-05
5.703932571756168063e-05
6.631861375943122895e-05
7.811471561514283157e-05
9.132468743267313125e-05
1.051079915180377401e-04
1.200092927629788943e-04
1.367408230101715646e-04
1.551959407340496402e-04
1.749434025210325325e-04
1.960888162643810895e-04
2.191602793769742007e-04
2.444147709320113526e-04
2.716439441876175912e-04
3.007466983528266948e-04
3.318806662730059516e-04
3.650300926454319822e-04
3.997995407606846018e-04
4.359854516421313077e-04
4.737187606035812371e-04
5.134223856181470381e-04
5.556875777132329591e-04
6.013665250312673653e-04
6.514891095825328226e-04
7.071180764128760961e-04
7.693095251167396181e-04
8.392170732880650276e-04
9.183669704738128521e-04
1.008705054440721177e-03
1.112556932621383120e-03
1.232455658332439049e-03
1.370996756608790137e-03
1.530912125041538046e-03
1.714744090195653497e-03
1.924993641463842607e-03
2.163664545056401961e-03
2.432532618862054321e-03
2.732026855098199526e-03
3.061196802834155895e-03
3.417180390209183672e-03
3.795172435483267371e-03
4.189273040902113596e-03
4.589907063745003908e-03
4.985083259729908116e-03
5.360369424863474508e-03
5.702516744298408852e-03
5.992280667632351315e-03
6.220157662529947167e-03
6.377363619681781191e-03
6.475125385931162006e-03
6.558496671108311749e-03
6.706843915017236119e-03
6.994121931950749924e-03
7.410682237115111433e-03
7.828746029812578763e-03
8.025864436723728970e-03
7.779956300506928567e-03
6.914936788385222556e-03
5.335521983217475506e-03
