6.812074726712538914e-06
-6.364081669117559359e-07
2.208645150865371638e-06
9.297316591739073995e-06
1.113058305399716449e-05
9.413544169237583617e-06
1.105413087383406936e-05
1.665841084063902111e-05
2.135030265611473639e-05
2.388058747261828321e-05
2.776708053331275599e-05
3.471684515505152482e-05
4.215682164654190213e-05
4.905999903972665683e-05
5.699735158774768171e-05
6.682645373950412652e-05
7.777888026813247423e-05
8.926681170339344630e-05
1.016827175096482737e-04
1.155482199777019872e-04
1.308119107929599234e-04
1.471914446249610563e-04
1.647775892845311225e-04
1.839467885262213590e-04
2.048610501280720788e-04
2.273302000353505685e-04
2.512286868938582406e-04
2.766154664653706907e-04
3.034550830525165792e-04
3.314960074159339410e-04
3.606792109660957556e-04
3.912331363478316793e-04
4.236030381269476064e-04
4.583469140547499049e-04
4.961844662053831005e-04
5.379640170249527786e-04
5.846135422336169426e-04
6.371618852467630673e-04
6.968600733326316262e-04
7.653255594279965166e-04
8.446281281041552588e-04
9.372292255915564297e-04
1.045954668988457494e-03
1.173917313443478220e-03
1.324697027608789717e-03
1.502076647024000108e-03
1.710270697300396957e-03
1.953471064849609650e-03
2.236148747125488081e-03
2.562075308053462976e-03
2.933940375606051369e-03
3.352983242253491491e-03
3.818094202072233254e-03
4.326418471801311838e-03
4.870206547741958748e-03
5.437456173803555115e-03
6.011017230594307113e-03
6.572235531418416273e-03
7.093212735028511795e-03
7.553850541366382253e-03
7.934982897748885794e-03
8.240975170980201561e-03
8.522775017996609206e-03
8.877356622877507694e-03
9.399348733135441322e-03
1.007716302220556213e-02
1.074125185630598993e-02
