1.910635145239351479e-06
-5.555801879211796101e-07
2.788040842910266240e-07
2.429326853529624796e-06
2.879590087516851527e-06
2.197367243497178899e-06
2.539547257267849396e-06
4.060892072599387183e-06
5.251473158282868209e-06
5.751642348679156952e-06
6.620060137665584165e-06
8.341137717971429882e-06
1.014995654425136310e-05
1.175893637676022986e-05
1.362034129195135673e-05
1.596917713089675820e-05
1.858620910230262646e-05
2.131250326949581876e-05
2.425638867861261338e-05
2.755439667158515014e-05
3.118808911280086533e-05
3.508046164911128226e-05
3.925385175388849452e-05
4.380374902913270493e-05
4.877256817147283520e-05
5.411601537811048233e-05
5.981245294860048403e-05
6.588718571552957170e-05
7.234502597507761119e-05
7.913339225687328012e-05
8.624689363238295019e-05
9.374414859808671873e-05
1.017376926423784486e-04
1.103658212867111155e-04
1.198119567675481314e-04
1.302937819768196898e-04
1.420556683803837349e-04
1.553641710975230974e-04
1.705297624251063317e-04
1.879513666601132719e-04
2.081252230447195250e-04
2.316298380925797525e-04
2.591363413746711327e-04
2.913551850833252170e-04
3.290959618109290841e-04
3.731670139006918363e-04
4.244247503051902255e-04
4.836219347884992623e-04
5.515020226804436161e-04
6.285041206567635501e-04
7.148010358032315164e-04
8.101594760961090087e-04
9.137516306663528813e-04
1.024343651790825347e-03
1.139840960237434959e-03
1.257808862416472453e-03
1.375157689151461273e-03
1.488987008612993558e-03
1.596288977902072430e-03
1.695266847379447821e-03
1.786343966959329579e-03
1.873135230979640744e-03
1.968293967495250880e-03
2.089932394385352575e-03
2.248065838694073004e-03
2.405698232676450974e-03
2.471963988183989262e-03
2.355954176722866757e-03
2.032409097577424651e-03
1.546441095967944707e-03
