4.845637006316654390e-06
-1.767476992392184079e-06
3.506118182296712546e-07
6.007620970370658576e-06
7.096936855743476546e-06
5.070321578576110838e-06
5.784795132136552506e-06
9.724542722710956673e-06
1.273664336498185044e-05
1.376134018055080469e-05
1.575583323370606607e-05
2.013494938646513831e-05
2.472387081187967065e-05
2.866159709162439614e-05
3.325989986308716971e-05
3.922827154801492033e-05
4.592136242193411430e-05
5.284533132596381632e-05
6.031395944373132154e-05
6.873786594075096518e-05
7.804632442502710350e-05
8.797551173600193220e-05
9.857351743403128372e-05
1.101356682526317667e-04
1.228013696966353033e-04
1.364448114797239082e-04
1.510138666223543626e-04
1.666121378288415032e-04
1.832452187331494974e-04
2.006923533300221233e-04
2.188287555188466349e-04
2.377045331992628315e-04
2.575215996841670463e-04
2.785737683106228636e-04
3.013063677014667053e-04
3.262717366371768149e-04
3.540478200194806702e-04
3.852009767241623629e-04
4.203597619328810239e-04
4.603828882905922982e-04
5.064120380438458810e-04
5.598698537756992841e-04
6.223739384792679975e-04
6.956788585082951913e-04
7.818273713962853831e-04
8.829286804719531454e-04
1.001369729788278420e-03
1.139524210023545045e-03
1.299926754026185750e-03
1.484675697389518934e-03
1.695350592216952543e-03
1.932601144622697869e-03
2.195857364901976534e-03
2.483620633983590203e-03
2.791709919293968497e-03
3.113660641503160353e-03
3.440269968849468674e-03
3.761657621518723054e-03
4.062581803770412212e-03
4.332203870098164274e-03
4.559246506967060651e-03
4.745121048330582306e-03
4.917695008134457223e-03
5.134529154450729639e-03
5.453843315178538535e-03
5.867540233999951442e-03
6.269225400456710992e-03
