5.640961782693630550e-06
-1.702074437781019748e-06
7.383015968205875789e-07
7.147719746696347938e-06
8.468231580272505190e-06
6.334318750261626564e-06
7.288528113157371510e-06
1.186576191120417599e-05
1.544022047442083597e-05
1.684356039580499088e-05
1.936979274288838654e-05
2.458570204410237932e-05
3.007965561501483050e-05
3.490548807110441823e-05
4.051560649185969822e-05
4.768930062334590913e-05
5.571460897046459279e-05
6.405187733602643325e-05
7.304929430018729979e-05
8.316037482393535464e-05
9.431466918591023562e-05
1.062346081800571372e-04
1.189858451085575432e-04
1.328973672270222404e-04
1.481228335388241337e-04
1.645208762684362063e-04
1.820201474008276230e-04
2.007166240888656359e-04
2.205993818228749463e-04
2.414246122948949191e-04
2.630809330615051841e-04
2.856725207587756184e-04
3.094788290030491711e-04
3.348881817337476079e-04
3.624399795423826893e-04
3.927841869262409507e-04
4.266139382613023143e-04
4.646405512738500249e-04
5.076919368062435831e-04
5.568601272727169470e-04
6.135661254616919932e-04
6.795628761691083859e-04
7.568534667828243469e-04
8.476600952061294101e-04
9.544577065307718487e-04
1.079875908813078501e-03
1.226859631823386861e-03
1.398352882436481801e-03
1.597451462177816800e-03
1.826724472326374683e-03
2.088107834156054630e-03
2.382325410507355780e-03
2.708654022783480407e-03
3.065095869889265974e-03
3.446450269104120272e-03
3.844590230237226146e-03
4.247930745626447326e-03
4.644082492531396641e-03
5.013955022004761355e-03
5.343681437068805926e-03
5.619297756908093154e-03
5.842791840652224004e-03
6.048972175934692712e-03
6.308821682293731976e-03
6.693177755801447276e-03
7.193115786064862432e-03
7.681813201806390184e-03
