5.617183497984478380e-06
-1.774205617523864929e-06
6.619356425787712375e-07
7.083375637832282979e-06
8.386626134698141948e-06
6.212177417643836657e-06
7.135490365187591757e-06
1.169476576963452345e-05
1.523839564839055584e-05
1.658958313997292098e-05
1.906008726321335226e-05
2.422607815011919676e-05
2.966095163957062648e-05
3.441123186814609551e-05
3.993818451449071864e-05
4.702656819640500617e-05
5.495920576305889462e-05
6.319161824983237708e-05
7.207335211585218140e-05
8.205983845830770197e-05
9.307760532082554495e-05
1.048442287468924006e-04
1.174208121763145211e-04
1.311367753303580345e-04
1.461453150312760538e-04
1.623035162444222185e-04
1.795416897663912965e-04
1.979540438857526393e-04
2.175282356229422812e-04
2.380158691537137398e-04
2.592903639192014340e-04
2.814369842895759317e-04
3.047214086948943725e-04
3.295130744379966476e-04
3.563373704143266260e-04
3.858268838195035608e-04
4.186423016418661016e-04
4.554548904136085613e-04
4.970394128791089496e-04
5.444521277200111732e-04
5.990744684173193680e-04
6.626002804508801351e-04
7.369538915034350287e-04
8.242595767896583906e-04
9.269332732571878295e-04
1.047550649363984199e-03
1.188961107795286467e-03
1.354044530378753931e-03
1.545847470106809099e-03
1.766943468882751622e-03
2.019274816425629514e-03
2.303672786857371025e-03
2.619527443834961805e-03
2.965127206623965461e-03
3.335547724120494807e-03
3.723078963963189544e-03
4.116587676500488985e-03
4.504265573524427087e-03
4.867541030146831614e-03
5.193130131943717899e-03
5.467084185846808955e-03
5.691154827620191481e-03
5.898758823339332949e-03
6.158885204903376612e-03
6.540975971312527892e-03
7.037329752618404384e-03
7.525197845142549656e-03
