5.616355665692047316e-05
-1.482500701913535418e-04
-1.010977903922847144e-04
2.832142594355179050e-05
2.899109666645734412e-05
-4.852267511866340742e-05
-6.101658182506620749e-05
-9.525154957173384110e-06
1.188217595402735339e-05
-1.271597387945846050e-05
-2.332158366324063546e-05
-9.688868687720461362e-07
1.497367045911569452e-05
1.386319827992388668e-05
1.569393090369112443e-05
2.737028547077565045e-05
4.000988644971728260e-05
4.894248488139171793e-05
5.782029492937174910e-05
6.971003088637792286e-05
8.330499754013061784e-05
9.665256644854525083e-05
1.100435437376194267e-04
1.246508986928667546e-04
1.405630340391911053e-04
1.570988256786317141e-04
1.742329464838999846e-04
1.924711970435958165e-04
2.122053210307227084e-04
2.334328154066897304e-04
2.564754703611768060e-04
2.818271316287682257e-04
3.101332406925377122e-04
3.419316212843081420e-04
3.778926305061466482e-04
4.185310812919616416e-04
4.631684537792940559e-04
5.081660552886321791e-04
5.498585289454122841e-04
5.907341120474479115e-04
6.363708636907953499e-04
6.887520920700481407e-04
7.428909263841798269e-04
7.909048004168490542e-04
8.372877122512447810e-04
8.907177639578203613e-04
9.461704098078316336e-04
9.833774386398125289e-04
1.017986528702595830e-03
1.050468262211479240e-03
1.077374915512667496e-03
1.109878563349135042e-03
1.121708917367615155e-03
1.141473658631221230e-03
1.194483075218150591e-03
1.265957943942529456e-03
1.292979912188035483e-03
1.274126608975012336e-03
1.304415339508923537e-03
1.261912999824789817e-03
8.423971102465093418e-04
2.214019645405138417e-04
3.275806754948077309e-05
3.449296849974287375e-04
2.906591375875819763e-04
-4.920377747593249109e-04
-7.102037084457834453e-04
6.918684679981518390e-04
1.625690737624713427e-03
-8.567247203703674211e-04
-3.550201315986663275e-03
