5.738667415166492652e-06
-1.833036344187762409e-06
6.573826132369777727e-07
7.223416088545036978e-06
8.549813720392932312e-06
6.320777965749602255e-06
7.258823578162213209e-06
1.190758230598617993e-05
1.551570052132435182e-05
1.688721376653934064e-05
1.940012037092653119e-05
2.465541787525825105e-05
3.018121615762759215e-05
3.501084896355129237e-05
4.062970080335398060e-05
4.783194131378966813e-05
5.588955210918980060e-05
6.425259707310912861e-05
7.327623928633782244e-05
8.342145015132193867e-05
9.461544485757868617e-05
1.065760687531601246e-04
1.193677763976111163e-04
1.333240935198975140e-04
1.485996266068951872e-04
1.650503285657962612e-04
1.826050125602173696e-04
2.013581799589694442e-04
2.212995857329275976e-04
2.421878854058816591e-04
2.639084115773147996e-04
2.865639465847592392e-04
3.104380101919256029e-04
3.359031566498669324e-04
3.635126969856342181e-04
3.939205234123860475e-04
4.278057657075912601e-04
4.658920265366954527e-04
5.089979172997104390e-04
5.582204138080862181e-04
6.149872382849555681e-04
6.810379655589855275e-04
7.583927822344188260e-04
8.492608653755940023e-04
9.561319866231528979e-04
1.081622685359731172e-03
1.228706196690578954e-03
1.400300660426122149e-03
1.599501147958499970e-03
1.828905369637009613e-03
2.090430465947100240e-03
2.384807127537017912e-03
2.711303280825630088e-03
3.067954070878674798e-03
3.449517732494116612e-03
3.847873687234237318e-03
4.251456469400692606e-03
4.647815566459781444e-03
5.017914684659894806e-03
5.347820904452447489e-03
5.623572392860683514e-03
5.847194464543453186e-03
6.053499659850000540e-03
6.313526379163418405e-03
6.698171933814870208e-03
7.198495962153043069e-03
7.687489010300437194e-03
