1.401495255603922940e-05
-3.524266737763800751e-06
2.565066891811879046e-06
1.806942158896467240e-05
2.146727178304221113e-05
1.684533821279334505e-05
1.958755702362669420e-05
3.077560014074415045e-05
3.968947847968897451e-05
4.379695192168145970e-05
5.063279176302737340e-05
6.363157837335875586e-05
7.739215640813670708e-05
8.989313543978007953e-05
1.043502087104365901e-04
1.224346880323099319e-04
1.426075177158461847e-04
1.637482436347765158e-04
1.866278178756313160e-04
2.122234283948089566e-04
2.404152085168204632e-04
2.706636551923122767e-04
3.031420292950693057e-04
3.385560148384693228e-04
3.772411219200777141e-04
4.189011190045397359e-04
4.633985223197648160e-04
5.109232551182307271e-04
5.615074078474463970e-04
6.147316405918826871e-04
6.705075119829601330e-04
7.292031160181666359e-04
7.915839334948664759e-04
8.586028850369650236e-04
9.315440160272223796e-04
1.011917936290499540e-03
1.101338067338972389e-03
1.201489552919440731e-03
1.314185757047554902e-03
1.441681786666814151e-03
1.586565230019345652e-03
1.751795628922948878e-03
1.940463298606706329e-03
2.155435482490060742e-03
2.399652182298425869e-03
2.675251061874628269e-03
2.983958803342891437e-03
3.326177442978505913e-03
3.701692213087950413e-03
4.107909092831910428e-03
4.540611374734654718e-03
4.993240726055645645e-03
5.456970409598973018e-03
5.921749116549684423e-03
6.374903848838048802e-03
6.804310414572073765e-03
7.197120073865781106e-03
7.544317720633804403e-03
7.838498435752485477e-03
8.080315527114103474e-03
8.281331003002939325e-03
8.466988536398050921e-03
8.700380563089405578e-03
9.063834490034927346e-03
9.601125932054196260e-03
1.015640728012302645e-02
1.035120906814280400e-02
9.809870081242547460e-03
8.429304774567389705e-03
6.395261835238176540e-03
4.053706165830435124e-03
