8.061730423421805644e-06
-2.499712417912724602e-06
1.033544068826945470e-06
1.017905991674098903e-05
1.205433082996034887e-05
9.087961667709846674e-06
1.048342504299508782e-05
1.689424972787953406e-05
2.187877909932266720e-05
2.390747102293932092e-05
2.748964343824766355e-05
3.468161157048799977e-05
4.222632670617913070e-05
4.890332085157340084e-05
5.663395964173913855e-05
6.641284754999013840e-05
7.730885033840743416e-05
8.864891714591083478e-05
1.008918995723776955e-04
1.146139464242005744e-04
1.297351772486772059e-04
1.459295050759268201e-04
1.632899429399155224e-04
1.822173451760054886e-04
2.028889730549601473e-04
2.251174111041314698e-04
2.488112448523169024e-04
2.740777334114227509e-04
3.009373123940664346e-04
3.291692366091884922e-04
3.587498603441551881e-04
3.899220382056102366e-04
4.231521326921719645e-04
4.590116148786317889e-04
4.982568111156306968e-04
5.417978313849524221e-04
5.906461345996933798e-04
6.459075845498325101e-04
7.088715401590424100e-04
7.811878360106958106e-04
8.649080806870884739e-04
9.624553167010736505e-04
1.076589332865730830e-03
1.210268994302385456e-03
1.366853459973620729e-03
1.549697906887334596e-03
1.762344668521470059e-03
2.007929399128991887e-03
2.289542057905951614e-03
2.608996498542070185e-03
2.967008530713272519e-03
3.362606125756016900e-03
3.792359841617016017e-03
4.251148516851566486e-03
4.730293630620011069e-03
5.219686031771674124e-03
5.706514911488223644e-03
6.178773233348687846e-03
6.623901324596124900e-03
7.034529107618736274e-03
7.412470987981913291e-03
7.772489283829840320e-03
8.167328409683654797e-03
8.672064451650052588e-03
9.328252838720128490e-03
9.982338673670317769e-03
1.025735304789979901e-02
9.775978892116825997e-03
8.433432168095953210e-03
6.416908213174330432e-03
