1.103606448587715928e-05
-2.841865449053241716e-06
1.907078596904304012e-06
1.421346340389398893e-05
1.688597142343737899e-05
1.305279591145546728e-05
1.513028012753845908e-05
2.412742954566651025e-05
3.129774746001285881e-05
3.444622949891274817e-05
3.982093117509260134e-05
5.039386512784444763e-05
6.162285285371024810e-05
7.173038213188931585e-05
8.347580545295277092e-05
9.834535739136103386e-05
1.150032529679529780e-04
1.324298065678646236e-04
1.512872959299954914e-04
1.724447059869930186e-04
1.957753095995433781e-04
2.207549109817697364e-04
2.475150174886305162e-04
2.767077637322733381e-04
3.086575471069596672e-04
3.431149216306264116e-04
3.799606308862958290e-04
4.193889181150832306e-04
4.613751535081928989e-04
5.054119187210127755e-04
5.512185767881829911e-04
5.989188115203735114e-04
6.489913453200640142e-04
7.021193882946869490e-04
7.593009534441184406e-04
8.217346551965022672e-04
8.906302855626761555e-04
9.671084006169818059e-04
1.052339038666582965e-03
1.147842331684299647e-03
1.255549262821524211e-03
1.377706341695261521e-03
1.516653263146669787e-03
1.674637175271387552e-03
1.853871425913264500e-03
2.056192109763879065e-03
2.283263902543810307e-03
2.536152881061082449e-03
2.815627117072695088e-03
3.121059428273886219e-03
3.450459795445674077e-03
3.799998089802438233e-03
4.164089194611930896e-03
4.536579960969015085e-03
4.908012407024269982e-03
5.266898780882493976e-03
5.600167274053953655e-03
5.897081368960659965e-03
6.141132272072922886e-03
6.326477564297142489e-03
6.447227635030735281e-03
6.516044040784477707e-03
6.578621338320139907e-03
6.713764381944012545e-03
6.993754481248936998e-03
7.407209098739907412e-03
7.824768894732417671e-03
8.022244685601177816e-03
7.776922387540967548e-03
6.912605471031482533e-03
5.333640876582976947e-03
