5.668002530866974913e-06
-1.730384926712772232e-06
7.230828181369188975e-07
7.173121115959469398e-06
8.496802814946859963e-06
6.339211906989563185e-06
7.290277349554921137e-06
1.188938267516515701e-05
1.547605833881877360e-05
1.687211528661064847e-05
1.939627335539650049e-05
2.462774827411569041e-05
3.013592924231654272e-05
3.496629351801276193e-05
4.058289992810528747e-05
4.777190040855157236e-05
5.581538842898464876e-05
6.416877394141426503e-05
7.318299164344295666e-05
8.331525813870389158e-05
9.449362862673121356e-05
1.064373321714008022e-04
1.192095581954275327e-04
1.331417067672950030e-04
1.483880242079814611e-04
1.648055385276743230e-04
1.823248935003795982e-04
2.010376785604307652e-04
2.209379025237359379e-04
2.417756221689217240e-04
2.634391191516177407e-04
2.860243053928174912e-04
3.098104430050623113e-04
3.351811647305428339e-04
3.626750682952722894e-04
3.929409047723583142e-04
4.266616826531269518e-04
4.645356790599548835e-04
5.073778247694771520e-04
5.562818110286840397e-04
6.126750650736009383e-04
6.783007519799794322e-04
7.551415694323625628e-04
8.453817902320647643e-04
9.515050492489661839e-04
1.076148740771765838e-03
1.222234609264356191e-03
1.392681300869965657e-03
1.590592301342402901e-03
1.818539231352173840e-03
2.078454372832713899e-03
2.371073106034990267e-03
2.695679979653427694e-03
3.050376565859786154e-03
3.429914757292039894e-03
3.826258321064281414e-03
4.227953211073370160e-03
4.622657866195228893e-03
4.991437864674872979e-03
5.320530810767914141e-03
5.595894224541812789e-03
5.819624733290963345e-03
6.026370519758063489e-03
6.286619651993405680e-03
6.671191228876339682e-03
7.171488656985525179e-03
7.661762134436589378e-03
