5.791213666590156599e-06
-1.598253283171664626e-06
8.978363321061737603e-07
7.411792640045552061e-06
8.795562800682659281e-06
6.699187686430034994e-06
7.736338083128207883e-06
1.245306591532265810e-05
1.617501363390000887e-05
1.772006797025298125e-05
2.042344777128476290e-05
2.587631942750508762e-05
3.163880121694092186e-05
3.675162118725202839e-05
4.268826394759333030e-05
5.024152104343015826e-05
5.868929803437967330e-05
6.748296407121717397e-05
7.697669614378065811e-05
8.763376452149529807e-05
9.938553561793564937e-05
1.119539717013439713e-04
1.254093143899741422e-04
1.400928099627505425e-04
1.561649257835413579e-04
1.734814756008102687e-04
1.919665170419767631e-04
2.117061020299641576e-04
2.326795350327321072e-04
2.546348219755157033e-04
2.774570668368133157e-04
3.012610249436496182e-04
3.263542491066287704e-04
3.531525789551792313e-04
3.822249769907279751e-04
4.142488665150015521e-04
4.499393108167687016e-04
4.900385683047420648e-04
5.354163691788554934e-04
5.872499596801001188e-04
6.470569398671435508e-04
7.166857059749640350e-04
7.982412786970859066e-04
8.940378314596361458e-04
1.006717313210291325e-03
1.139079869824070283e-03
1.294230766291412432e-03
1.475288592905688034e-03
1.685491615317821767e-03
1.927644587818127132e-03
2.203784477902028579e-03
2.514712610837095859e-03
2.859736602801725078e-03
3.236688250747912603e-03
3.640169636706694703e-03
4.061418495029774783e-03
4.488361697918032134e-03
4.907653388759778378e-03
5.298986409212159271e-03
5.647674393738841975e-03
5.938677183255029052e-03
6.174222179409763998e-03
6.391235446861513389e-03
6.664633783357163527e-03
7.068942716450287052e-03
7.595402620402777992e-03
8.112056847827040645e-03
