8.059346434659044733e-06
-2.496690762547043004e-06
1.035356486894613527e-06
1.017717308956690120e-05
1.205229875453972021e-05
9.088134611501011249e-06
1.048469839592640583e-05
1.689394793843298565e-05
2.187734839289929144e-05
2.390681433073341074e-05
2.748934088553756135e-05
3.468049160860886283e-05
4.222457765632929929e-05
4.890157261365772785e-05
5.663211239508073285e-05
6.641048459173988690e-05
7.730590734794277148e-05
8.864554593346513111e-05
1.008881005303772767e-04
1.146094939976942455e-04
1.297301119113705443e-04
1.459237611408579203e-04
1.632835213376187882e-04
1.822101662949838921e-04
2.028809462819895434e-04
2.251085003424827099e-04
2.488014351967556318e-04
2.740669800677647387e-04
3.009255593414514752e-04
3.291564742418752530e-04
3.587360947454558001e-04
3.899073360964925889e-04
4.231364424766260947e-04
4.589949551145836720e-04
4.982392281530672240e-04
5.417794095483873277e-04
5.906273410547783131e-04
6.458877308624228191e-04
7.088510249734403419e-04
7.811666932346397448e-04
8.648863735913539649e-04
9.624329958299596621e-04
1.076566660377086503e-03
1.210246056862333310e-03
1.366830263459192047e-03
1.549671524126836628e-03
1.762320989660614689e-03
2.007905876127020692e-03
2.289518569357698943e-03
2.608973078055170074e-03
2.966988154445605007e-03
3.362583048420483053e-03
3.792334522117835581e-03
4.251125762553929419e-03
4.730268835168615835e-03
5.219663280066635068e-03
5.706491856558320100e-03
6.178722750620265804e-03
6.623878367729092546e-03
7.034505918502750345e-03
7.412447429294006553e-03
7.772465107719835758e-03
8.167303196298106999e-03
8.672037524696796923e-03
9.328223276902723043e-03
9.982306468254353513e-03
1.025731950105941703e-02
9.775946635509036656e-03
8.433404185950097581e-03
6.416886873260101501e-03
