8.061730440478755437e-06
-2.499712440875758579e-06
1.033544053419935179e-06
1.017905993223216792e-05
1.205433084561205745e-05
9.087961666068825371e-06
1.048342503855683677e-05
1.689424973658102221e-05
2.187877911477593290e-05
2.390747103283849672e-05
2.748964344602277210e-05
3.468161158610886619e-05
4.222632672833938962e-05
4.890332087508965109e-05
5.663395966765333230e-05
6.641284758206117747e-05
7.730885037740210699e-05
8.864891719073778346e-05
1.008918996232213293e-04
1.146139464826181870e-04
1.297351773158160460e-04
1.459295051519156772e-04
1.632899430249188700e-04
1.822173452709001482e-04
2.028889731608080407e-04
2.251174112214458854e-04
2.488112449814216913e-04
2.740777335529542315e-04
3.009373125487951493e-04
3.291692367774176381e-04
3.587498605258769590e-04
3.899220384006550091e-04
4.231521329002342104e-04
4.590116150991471267e-04
4.982568113478635496e-04
5.417978316280820487e-04
5.906461348529731988e-04
6.459075848127538138e-04
7.088715404311585070e-04
7.811878362914086550e-04
8.649080809754796382e-04
9.624553169960110106e-04
1.076589333166084539e-03
1.210268994607368708e-03
1.366853460282579317e-03
1.549697907199943043e-03
1.762344668837053339e-03
2.007929399446864785e-03
2.289542058225610844e-03
2.608996498863304109e-03
2.967008531036058588e-03
3.362606126080696419e-03
3.792359841943867844e-03
4.251148517181156140e-03
4.730293630952860269e-03
5.219686032108433391e-03
5.706514911829664929e-03
6.178773233695277790e-03
6.623901324949291181e-03
7.034529107979230894e-03
7.412470988350573255e-03
7.772489284210917435e-03
8.167328410082150270e-03
8.672064452075391172e-03
9.328252839183440170e-03
9.982338674173692888e-03
1.025735304842419031e-02
9.775978892622116251e-03
8.433432168535292747e-03
6.416908213509773910e-03
