7.145640571619779652e-06
-1.178820217486660884e-06
1.867734902021052478e-06
9.500653941333304968e-06
1.132729373270727048e-05
9.281154479459309450e-06
1.083832526217615787e-05
1.657885205013838752e-05
2.125960940335775034e-05
2.360159862304823608e-05
2.732271413904322990e-05
3.416747864951092284e-05
4.144083778254980545e-05
4.810593501185306606e-05
5.578163586422877024e-05
6.533042561784249680e-05
7.596733983500413099e-05
8.710958714110638660e-05
9.915316419889457053e-05
1.126096341422921904e-04
1.274204806365583816e-04
1.433052826066948929e-04
1.603544847610052662e-04
1.789370949411287685e-04
1.992236876067427301e-04
2.210499092609614089e-04
2.443338907982698445e-04
2.691685497015396263e-04
2.955697908563957002e-04
3.233347109061976161e-04
3.524487721438284739e-04
3.831589790673194389e-04
4.159338655615565689e-04
4.513569714205299330e-04
4.901944431726792213e-04
5.333593242447350795e-04
5.818588822116673104e-04
6.367926074752928989e-04
6.994524741506046679e-04
7.714873964617130226e-04
8.549562044504885805e-04
9.522922160209125117e-04
1.066262961568142714e-03
1.199815945668606483e-03
1.356305401783859362e-03
1.539080224323061390e-03
1.751702316124320244e-03
1.997291081651365787e-03
2.278926792006469217e-03
2.598417142550814903e-03
2.956487120285056919e-03
3.352147351674909011e-03
3.781981472482862528e-03
4.240846195954159521e-03
4.720055842215045011e-03
5.209503978663280500e-03
5.696369609977026092e-03
6.168611835753455216e-03
6.613750097468889567e-03
7.024320343326236928e-03
7.402062594014691653e-03
7.761937428428085546e-03
8.156371530351870860e-03
8.660415845467107215e-03
9.315593358938575527e-03
9.968651806558606610e-03
1.024313796505203246e-02
9.762382953947391570e-03
8.421722177881778293e-03
6.408075555112244422e-03
