5.761902569005717631e-06
-1.658994537463757422e-06
8.275915376596783960e-07
7.335511589873820271e-06
8.696239341662033480e-06
6.565478627999668861e-06
7.566624612133605501e-06
1.224150327738672682e-05
1.590896385095219760e-05
1.738760327154132847e-05
2.001208895392216419e-05
2.536842022478593621e-05
3.101672025347608540e-05
3.599998849501384851e-05
4.178829952047366351e-05
4.917045031282604153e-05
5.742639722075363327e-05
6.601084345398153068e-05
7.527740924280918724e-05
8.568708323181511142e-05
9.717134114358303635e-05
1.094535384014843764e-04
1.226025274448885221e-04
1.369526603840558697e-04
1.526598950388385119e-04
1.695812966732866873e-04
1.876443182246777773e-04
2.069355548932935284e-04
2.274513098350956916e-04
2.489553741696543844e-04
2.713483966793179517e-04
2.947525667911885406e-04
3.194724877855386388e-04
3.459156517774076775e-04
3.746425431230965817e-04
4.063289917242177921e-04
4.416981355210135448e-04
4.815036785160067140e-04
5.266212004359623272e-04
5.782171206242704567e-04
6.377995820711501599e-04
7.071975521452464200e-04
7.885017491264226155e-04
8.840038587533192820e-04
9.963107475756056205e-04
1.128175735053273381e-03
1.282643463171430223e-03
1.462733413594693999e-03
1.671643570709942413e-03
1.911991501028901348e-03
2.185686711336930817e-03
2.493422982431490239e-03
2.834171737249946768e-03
3.205824380925097368e-03
3.602653502334466056e-03
4.015997122048580760e-03
4.433633282207001015e-03
4.842419155273842979e-03
5.222386342135908015e-03
5.559259710979280213e-03
5.838627528477763166e-03
6.063047835095757530e-03
6.269224126725722254e-03
6.530864747394134369e-03
6.921043183311987972e-03
7.429470326114696530e-03
7.923460926570976420e-03
