3.871920663516535167e-05
-1.013027580952449182e-04
-6.926007915571202541e-05
2.017537029328175419e-05
2.081014190903181658e-05
-3.354097994181146048e-05
-4.267752520906674656e-05
-6.257349157112456876e-06
9.042268612749118352e-06
-8.954131325921873793e-06
-1.709675490265872189e-05
-9.901301824690970746e-07
1.053526837832388424e-05
9.197531310302713376e-06
9.931099037096122447e-06
1.817722385250431148e-05
2.717126733580193775e-05
3.318223679576451699e-05
3.904264737404472129e-05
4.722389804961621678e-05
5.668386561890682748e-05
6.582720392070039921e-05
7.486862539460340221e-05
8.476782113441589815e-05
9.559858710607381494e-05
1.067933314411054560e-04
1.183211856902488025e-04
1.306210020116130798e-04
1.440577217845414573e-04
1.586652050112118909e-04
1.747592663312605920e-04
1.928445712246624729e-04
2.135906514112283639e-04
2.375859942594991774e-04
2.656178676031382599e-04
2.983597725942635157e-04
3.353506533483209670e-04
3.731400540933906235e-04
4.083090022525599381e-04
4.436388298308557745e-04
4.851132943358062860e-04
5.352006713891910945e-04
5.894228623257145600e-04
6.402631495966043832e-04
6.921618729685115540e-04
7.537269115559677799e-04
8.197723011200184302e-04
8.694502009336143840e-04
9.175312529194327603e-04
9.636864024015665518e-04
1.003653766192536033e-03
1.047780973563225589e-03
1.069447251791664838e-03
1.097028435554966118e-03
1.155996006071046940e-03
1.232015857412237930e-03
1.262650443966288139e-03
1.247410354074094492e-03
1.281947949088097253e-03
1.245355681326813400e-03
8.326123672570196529e-04
2.171875298220629375e-04
3.157935739740100480e-05
3.452207315413837081e-04
2.911015941703616106e-04
-4.928006124324106098e-04
-7.112464142839529683e-04
6.927485776460413263e-04
1.627366710974150529e-03
-8.574216876371054891e-04
-3.552438254970192739e-03
