8.061730440460964357e-06
-2.499712440851643551e-06
1.033544053406103766e-06
1.017905993222151394e-05
1.205433084561040743e-05
9.087961666064759612e-06
1.048342503854618617e-05
1.689424973657753583e-05
2.187877911477283615e-05
2.390747103283737525e-05
2.748964344601908581e-05
3.468161158611053992e-05
4.222632672833753293e-05
4.890332087508088938e-05
5.663395966765342039e-05
6.641284758205479423e-05
7.730885037740779905e-05
8.864891719073740399e-05
1.008918996232217630e-04
1.146139464826202199e-04
1.297351773158139589e-04
1.459295051519137257e-04
1.632899430249185448e-04
1.822173452708999314e-04
2.028889731608093147e-04
2.251174112214456957e-04
2.488112449814211492e-04
2.740777335529550446e-04
3.009373125487946614e-04
3.291692367774174755e-04
3.587498605258770674e-04
3.899220384006550633e-04
4.231521329002342104e-04
4.590116150991470725e-04
4.982568113478636580e-04
5.417978316280819403e-04
5.906461348529733072e-04
6.459075848127537054e-04
7.088715404311586154e-04
7.811878362914087635e-04
8.649080809754797466e-04
9.624553169960111190e-04
1.076589333166084756e-03
1.210268994607368708e-03
1.366853460282579317e-03
1.549697907199943259e-03
1.762344668837053556e-03
2.007929399446864785e-03
2.289542058225610844e-03
2.608996498863304109e-03
2.967008531036058588e-03
3.362606126080696419e-03
3.792359841943867844e-03
4.251148517181157008e-03
4.730293630952860269e-03
5.219686032108433391e-03
5.706514911829664929e-03
6.178773233695277790e-03
6.623901324949291181e-03
7.034529107979230894e-03
7.412470988350573255e-03
7.772489284210917435e-03
8.167328410082150270e-03
8.672064452075391172e-03
9.328252839183440170e-03
9.982338674173692888e-03
1.025735304842419031e-02
9.775978892622116251e-03
8.433432168535292747e-03
6.416908213509773910e-03
