7.926572179585006305e-06
-2.304939453144696964e-06
1.156637170251302834e-06
1.007843189717425661e-05
1.194641400247827912e-05
9.116087193739349094e-06
1.053566330856010824e-05
1.684719590488625290e-05
2.178649581478359946e-05
2.386150410033012028e-05
2.746424721894539841e-05
3.460438192375055589e-05
4.210851824822732270e-05
4.878358362921221623e-05
5.650586795063035567e-05
6.625032920680013718e-05
7.710743675815692245e-05
8.841782875071469187e-05
1.006309253988427774e-04
1.143131476740183737e-04
1.293880017407106049e-04
1.455360230684129945e-04
1.628498812355865227e-04
1.817257276409116481e-04
2.023395242477638001e-04
2.245075108165382218e-04
2.481399200668736853e-04
2.733417338099350413e-04
3.001329185240153574e-04
3.282953357260950228e-04
3.578066233837255087e-04
3.889099708137658024e-04
4.220722478935977459e-04
4.578671927435904961e-04
4.970557580831970641e-04
5.405410334788296944e-04
5.893368312322426342e-04
6.445489946748962640e-04
7.074655614392650910e-04
7.797415250985294645e-04
8.634356078683250819e-04
9.609478284917502208e-04
1.075062462070658972e-03
1.208726917617972737e-03
1.365299902711702420e-03
1.548134936724777661e-03
1.760784949854707305e-03
2.006372881348307893e-03
2.287983049546023044e-03
2.607437137264484277e-03
2.965452042484043992e-03
3.361059899714274012e-03
3.790826395997761670e-03
4.249632715937496502e-03
4.728789179965444192e-03
5.218195101454274794e-03
5.705032545014233035e-03
6.177268662830438621e-03
6.622425017405093352e-03
7.033047568490602419e-03
7.410892684785590732e-03
7.770957286507253897e-03
8.165735447341124567e-03
8.670368106381399695e-03
9.326405017281923573e-03
9.980362697949942200e-03
1.025527286762046436e-02
9.773988039716081933e-03
8.431715852569536887e-03
6.415611749751157743e-03
