7.926394908649719788e-06
-2.304887824221801118e-06
1.156611379092725919e-06
1.007820654477424014e-05
1.194614689153408457e-05
9.115883430959030682e-06
1.053542783120837923e-05
1.684681929360051650e-05
2.178600877834078396e-05
2.386097072091440213e-05
2.746363333704571528e-05
3.460360843447095124e-05
4.210757703002643732e-05
4.878249324436499044e-05
5.650460499755956397e-05
6.624884848287278141e-05
7.710571340371476603e-05
8.841585265089128441e-05
1.006286763881871177e-04
1.143105929221425717e-04
1.293851101282674626e-04
1.455327706185877699e-04
1.628462418997862456e-04
1.817216665154841658e-04
2.023350024986610748e-04
2.245024937210598440e-04
2.481343749128810203e-04
2.733356255411222490e-04
3.001262116387571981e-04
3.282879995941606686e-04
3.577986278662450442e-04
3.889012803235497823e-04
4.220628163956090056e-04
4.578569613682951134e-04
4.970446509482360489e-04
5.405289545179992267e-04
5.893236617235693810e-04
6.445345911809666943e-04
7.074497517271707142e-04
7.797240999312583408e-04
8.634163119767440144e-04
9.609263529518657270e-04
1.075038435720764105e-03
1.208699903421515259e-03
1.365269388561455915e-03
1.548100335555991367e-03
1.760745595186554531e-03
2.006328036911096072e-03
2.287931910155751973e-03
2.607378857046913079e-03
2.965385759578927603e-03
3.360984773948284387e-03
3.790741664020604810e-03
4.249537728881268121e-03
4.728683483261253949e-03
5.218078466361800866e-03
5.704905029339433359e-03
6.177130593356872611e-03
6.622276999805480451e-03
7.032890375007022805e-03
7.410727048316305583e-03
7.770783604695427269e-03
8.165552944564190285e-03
8.670174327817782578e-03
9.326196580036697631e-03
9.980139650238997046e-03
1.025504368299661601e-02
