7.910540132145751715e-06
-2.300275306508887463e-06
1.154299904354062077e-06
1.005804876933423949e-05
1.192225323967665531e-05
9.097652376829943406e-06
1.051435823862614623e-05
1.681312585385317360e-05
2.174243678735488406e-05
2.381325002967846685e-05
2.740870837076591718e-05
3.453440387232576520e-05
4.202336534195768957e-05
4.868493334141957616e-05
5.639160277771878031e-05
6.611635982471950133e-05
7.695151349581668418e-05
8.823903550768197942e-05
1.004274371054089486e-04
1.140819937140240655e-04
1.291263662186528931e-04
1.452417361601760588e-04
1.625205856984743757e-04
1.813582651155651695e-04
2.019303806203549085e-04
2.240535436937307612e-04
2.476381687214679523e-04
2.727890253183670928e-04
2.995260396536602839e-04
3.276315142624217037e-04
3.570831320925722959e-04
3.881235902799986918e-04
4.212188141571431834e-04
4.569413812154898271e-04
4.960507051501815683e-04
5.394480492971607437e-04
5.881451759817685329e-04
6.432456924316236205e-04
7.060350315068669247e-04
7.781648396823389853e-04
8.616896754175829834e-04
9.590047036567508768e-04
1.072888568886491223e-03
1.206282720032334681e-03
1.362539072819653370e-03
1.545004365074359193e-03
1.757224342017083647e-03
2.002315628044730109e-03
2.283356305224712099e-03
2.602164373367832871e-03
2.959455281849601976e-03
3.354263124117637732e-03
3.783160533990837480e-03
4.241039049556448622e-03
4.719226565856345264e-03
5.207642823973845925e-03
5.693495810579720338e-03
6.164777011695979012e-03
6.609033223243637387e-03
7.018825477527767566e-03
7.395906588968271557e-03
7.755243149466621577e-03
8.149223080751600429e-03
8.652835381514388871e-03
9.307545803305278601e-03
9.960181256460157173e-03
1.023453575361416880e-02
9.754224407305965572e-03
8.414666667424394730e-03
6.402639434318639113e-03
