4.700882950339196407e-06
-2.268545215770672267e-06
-1.787719776561929073e-07
5.541007771229715651e-06
6.485803260150866080e-06
4.179332344863053267e-06
4.657560205304089540e-06
8.382289237530631424e-06
1.107859663621450875e-05
1.168053759327737927e-05
1.319270778472550933e-05
1.701396065301214006e-05
2.093769214450469078e-05
2.411057710585572635e-05
2.783842568107317816e-05
3.280941963457667055e-05
3.838207869095354658e-05
4.407944297553516885e-05
5.021084585192867592e-05
5.716891641731759976e-05
6.487927822809880392e-05
7.308400628712515153e-05
8.181884187092652242e-05
9.134739428477601662e-05
1.017854019548236622e-04
1.130067780350321884e-04
1.249689523139307977e-04
1.377932502030205608e-04
1.515210240746493937e-04
1.659896293074258444e-04
1.811254875868198216e-04
1.969890446316027830e-04
2.137535725572563381e-04
2.316604673314981671e-04
2.510910443986083779e-04
2.725447070035799733e-04
2.965665344466591352e-04
3.236897987216412324e-04
3.544951048196731506e-04
3.897413820303408279e-04
4.304358851200789098e-04
4.778306681808496773e-04
5.333627306034441785e-04
5.986010324590476401e-04
6.752974541137793992e-04
7.653219255335473852e-04
8.706932228307591275e-04
9.934765936382911663e-04
1.135801803534852456e-03
1.299347235193764379e-03
1.485376705487263934e-03
1.694193073771169166e-03
1.924990038647232671e-03
2.176096283135683061e-03
2.443416033699188743e-03
2.720772203856118392e-03
2.999634592614026582e-03
3.270989381045317883e-03
3.521125011065649648e-03
3.740711612052899544e-03
3.920107068252336874e-03
4.061239738119775712e-03
4.188086526020306025e-03
4.349803891343670056e-03
4.595735184336948581e-03
4.920963459070728900e-03
5.240593858097344036e-03
