7.926572179359195791e-06
-2.304939453078937137e-06
1.156637170218446850e-06
1.007843189688720053e-05
1.194641400213803107e-05
9.116087193479791094e-06
1.053566330826015016e-05
1.684719590440652054e-05
2.178649581416320204e-05
2.386150409965069483e-05
2.746424721816343115e-05
3.460438192276527362e-05
4.210851824702837806e-05
4.878358362782328548e-05
5.650586794902160293e-05
6.625032920491396421e-05
7.710743675596171121e-05
8.841782874819754034e-05
1.006309253959780035e-04
1.143131476707641273e-04
1.293880017370272449e-04
1.455360230642700683e-04
1.628498812309506910e-04
1.817257276357385942e-04
2.023395242420040574e-04
2.245075108101474192e-04
2.481399200598102166e-04
2.733417338021543728e-04
3.001329185154721696e-04
3.282953357167503927e-04
3.578066233735406761e-04
3.889099708026958271e-04
4.220722478815838101e-04
4.578671927305577897e-04
4.970557580690488763e-04
5.405410334634434561e-04
5.893368312154672077e-04
6.445489946565490695e-04
7.074655614191265778e-04
7.797415250763332440e-04
8.634356078437460018e-04
9.609478284643946074e-04
1.075062462040053896e-03
1.208726917583561678e-03
1.365299902672833122e-03
1.548134936680702458e-03
1.760784949804576833e-03
2.006372881291184750e-03
2.287983049480881576e-03
2.607437137190245918e-03
2.965452042399612832e-03
3.361059899618578858e-03
3.790826395889828910e-03
4.249632715816501274e-03
4.728789179830807099e-03
5.218195101305704402e-03
5.705032544851800468e-03
6.177268662654566284e-03
6.622425017216548859e-03
7.033047568290368493e-03
7.410892684574601520e-03
7.770957286286015939e-03
8.165735447108656009e-03
8.670368106134564157e-03
9.326405017016415472e-03
9.980362697665825719e-03
1.025527286732852775e-02
9.773988039437854838e-03
8.431715852329532690e-03
6.415611749568552943e-03
