6.971704250879172399e-06
-2.027271245747221798e-06
1.017309140316216986e-06
8.864345089611012685e-06
1.050730358932640369e-05
8.017933382530817863e-06
9.266503958517340075e-06
1.481772462563618304e-05
1.916201898772824678e-05
2.098706809099952118e-05
2.415581541171662474e-05
3.043582609265342264e-05
3.703599088529069646e-05
4.290695984855200481e-05
4.969899710132144908e-05
5.826961344975320820e-05
6.781884425542654838e-05
7.776675701506586798e-05
8.850863294646214266e-05
1.005426598090779260e-04
1.138015585338147695e-04
1.280043484176751937e-04
1.432325357388482766e-04
1.598345502758958148e-04
1.779651573692959065e-04
1.974627335301835354e-04
2.182483255587501936e-04
2.404142690666421416e-04
2.639781253649637976e-04
2.887480331216650455e-04
3.147043232589962457e-04
3.420608885380828335e-04
3.712283570058144276e-04
4.027113513486441760e-04
4.371791569319301209e-04
4.754260743500064962e-04
5.183437892837105404e-04
5.669049318887068450e-04
6.222423782954964464e-04
6.858117552856275896e-04
7.594237831093542286e-04
8.451893653111659625e-04
9.455573738602050284e-04
1.063120164027385505e-03
1.200831843113160310e-03
1.361641954973995304e-03
1.548675432146451227e-03
1.764679015919639422e-03
2.012365480596965336e-03
2.293337066043962293e-03
2.608224314100081580e-03
2.956175956928891718e-03
3.334171395907282575e-03
3.737708451406987487e-03
4.159144237523806215e-03
4.589594834863736962e-03
5.017786402029154533e-03
5.433135609045279014e-03
5.824667208485067270e-03
6.185825093725345024e-03
6.518154047317969817e-03
6.834844408179212294e-03
7.182066654266524609e-03
7.625910042655603509e-03
8.202919177284587540e-03
8.778099734281863756e-03
9.019894171092801907e-03
8.596587143721174870e-03
7.416009585747524585e-03
5.642771366251572891e-03
