7.238397861441328506e-06
-8.275036740357369601e-07
2.200327554269021613e-06
9.770250955142613605e-06
1.166790427902297459e-05
9.749335093122010135e-06
1.141371202029748101e-05
1.727827212129052744e-05
2.213291064582247647e-05
2.466859646714409345e-05
2.861639266611836906e-05
3.575456937049101855e-05
4.336516367037901676e-05
5.038354325669479219e-05
5.845341887088978709e-05
6.845730974849157085e-05
7.959615221466786008e-05
9.127040344296025827e-05
1.038884186591675741e-04
1.179828702258662714e-04
1.334999496681005368e-04
1.501541378599829230e-04
1.680379659963968098e-04
1.875293658757062778e-04
2.087893878023502599e-04
2.316301411021216622e-04
2.559347438180067870e-04
2.817779083461354329e-04
3.091465177275115215e-04
3.378222698699680530e-04
3.677831288929495350e-04
3.992958606161785599e-04
4.328461745834162144e-04
4.690347802588073893e-04
5.086289629785683154e-04
5.525402376115033003e-04
6.017846722779957068e-04
6.574957251405539596e-04
7.210359673506970199e-04
7.941710657934412075e-04
8.791090468469100203e-04
9.784925399780139855e-04
1.095354795670612936e-03
1.232972506023898062e-03
1.395196474262440324e-03
1.586013463637128739e-03
1.809855327387526781e-03
2.071084193415621572e-03
2.374303884488057365e-03
2.723264969048672449e-03
3.120679555017410404e-03
3.567298642101798378e-03
4.061436223385452363e-03
4.599565839282586041e-03
5.172754645152335962e-03
5.767549030207229366e-03
6.365086888162863402e-03
6.945109427033809013e-03
7.477722181470011775e-03
7.941828727950324754e-03
8.317507740882254877e-03
8.610236898520197760e-03
8.874459410819959121e-03
9.213066794732754222e-03
9.725584944768991130e-03
1.040049282696518286e-02
1.106324565727885047e-02
