8.061580003674594422e-06
-2.499932822406734884e-06
1.033533888416729873e-06
1.017907917968845276e-05
1.205435249938936316e-05
9.087967744827219098e-06
1.048343006855725502e-05
1.689427002118641815e-05
2.187880830704090176e-05
2.390749767100691002e-05
2.748967140702077743e-05
3.468165143319430917e-05
4.222637792551987043e-05
4.890337878670125346e-05
5.663402600213998265e-05
6.641292731071245725e-05
7.730894533759983893e-05
8.864902688811052383e-05
1.008920249859765808e-04
1.146140902920715057e-04
1.297353419335654909e-04
1.459296915399031867e-04
1.632901521476205829e-04
1.822175792030726095e-04
2.028892343346367527e-04
2.251177009820155904e-04
2.488115641285763044e-04
2.740780833590131336e-04
3.009376946266206906e-04
3.291696518778608601e-04
3.587503089112369418e-04
3.899225815078775611e-04
4.231527192069322262e-04
4.590122457267347116e-04
4.982574841226674071e-04
5.417985401210121711e-04
5.906468697456477993e-04
6.459083399198062205e-04
7.088719350040577089e-04
7.811886522939076247e-04
8.649088134931482309e-04
9.624560672268888664e-04
1.076590086564108845e-03
1.210269775388796718e-03
1.366854106281043674e-03
1.549698561017361434e-03
1.762345323908641459e-03
2.007930199732040153e-03
2.289542860983219928e-03
2.608997306099364658e-03
2.967009343012371164e-03
3.362606944659884359e-03
3.792360665371712850e-03
4.251149350019334770e-03
4.730294474383123400e-03
5.219686888821316317e-03
5.706515788683599877e-03
6.178746486256613685e-03
6.623902270036384834e-03
7.034530077940944273e-03
7.412471998207377337e-03
7.772490358330131147e-03
8.167329166136726853e-03
8.672065709386774651e-03
9.328254262982116352e-03
9.982340312021845130e-03
1.025735485236887665e-02
9.775980730257066709e-03
8.433433875287731779e-03
6.416909640599117309e-03
