8.054858658393153215e-06
-2.490325276169893530e-06
1.039361270360353080e-06
1.017379317059488342e-05
1.204865543476565453e-05
9.088937898185302396e-06
1.048588462543638404e-05
1.689178262039691948e-05
2.187450157147785050e-05
2.390549100080599466e-05
2.748812164794218243e-05
3.467748145710653005e-05
4.222013115245113520e-05
4.889695449632741603e-05
5.662709646459224648e-05
6.640418277363453476e-05
7.729815308829944705e-05
8.863662521499495242e-05
1.008779861990699480e-04
1.145979029538967667e-04
1.297166505178842322e-04
1.459084872424522359e-04
1.632664103359748799e-04
1.821910371227994136e-04
2.028595780274386072e-04
2.250847953099076272e-04
2.487753332100210604e-04
2.740383408878190518e-04
3.008942101116859262e-04
3.291223493989830508e-04
3.586992071950454385e-04
3.898677290022672568e-04
4.230941446128580366e-04
4.589500029970871860e-04
4.981917214292202242e-04
5.417295739354608059e-04
5.905750632428589508e-04
6.458339011028493013e-04
7.087953524043892183e-04
7.811092213599561815e-04
8.648271708914179656e-04
9.623724652598411458e-04
1.076505090517480834e-03
1.210183590861985950e-03
1.366767027409069007e-03
1.549607547511864126e-03
1.762256636557423765e-03
2.007840985264235101e-03
2.289453607038612407e-03
2.608911093313155596e-03
2.966923310834404439e-03
3.362518162677789746e-03
3.792269671175721359e-03
4.251060845727573992e-03
4.730203773645361848e-03
5.219599926940209599e-03
5.706426226024019499e-03
6.178656588159219497e-03
6.623811505977831963e-03
7.034438087385104857e-03
7.412299561177786329e-03
7.772393976372612805e-03
8.167228903034853826e-03
8.671958165318540551e-03
9.328136616228097089e-03
9.982212000996784976e-03
1.025722070895065258e-02
9.775850934298892583e-03
8.433320314093654957e-03
6.416822255986637247e-03
