4.377359401133082654e-06
2.335095993206786645e-06
3.940084225377384976e-06
7.183262171521408497e-06
8.765263557161289055e-06
9.248199605490803896e-06
1.113668483928101608e-05
1.474955247401506063e-05
1.832065858461639127e-05
2.134729670950345052e-05
2.520791961358408552e-05
3.066679247810912332e-05
3.671716443323487186e-05
4.291264610881240595e-05
4.993525822483928635e-05
5.820493029907092606e-05
6.739698969793785066e-05
7.723778923568602067e-05
8.792081846069191905e-05
9.972840175739302411e-05
1.126694071004317766e-04
1.266330849511444452e-04
1.417056819505975809e-04
1.581333391195837313e-04
1.760531397601681363e-04
1.953959480264302081e-04
2.161168153561594362e-04
2.382591626454582149e-04
2.618216359021299160e-04
2.866929010929233804e-04
3.129228770329763368e-04
3.407956357684037083e-04
3.708137828286636023e-04
4.036237851886618458e-04
4.400254491148859900e-04
4.809265571864031999e-04
5.273051322922452403e-04
5.802370765435363150e-04
6.410229025013020878e-04
7.113411479011385935e-04
7.933180163868152951e-04
8.894172337065421683e-04
1.002428182793461226e-03
1.135215162771624486e-03
1.291121727175649448e-03
1.473466726617347552e-03
1.685865542983041492e-03
1.931380434216868527e-03
2.213015137566020241e-03
2.532598274234799853e-03
2.890826452612356434e-03
3.286667136138420042e-03
3.716686111653141888e-03
4.175679937659253042e-03
4.654932261842506525e-03
5.144306378708892770e-03
5.630954073013922680e-03
6.102812966008305459e-03
6.547335863698402342e-03
6.957019186421053991e-03
7.333536622113039777e-03
7.691534194841073702e-03
8.082997744256368092e-03
8.582204474798163854e-03
9.230547667298220557e-03
9.876460544088059429e-03
1.014741520091815875e-02
9.670426053217461015e-03
8.342020015438220484e-03
6.347420237268281730e-03
