6.526197051426367457e-06
-3.077879122717140625e-07
2.410898908182922620e-06
9.028814514695634051e-06
1.081774956407712955e-05
9.382418874297875032e-06
1.104131233325726107e-05
1.632281252102886669e-05
2.078831317516999922e-05
2.332987829478331686e-05
2.713163293371588378e-05
3.372440645025589595e-05
4.079404317688641252e-05
4.743004020205525856e-05
5.504490622135478997e-05
6.440901231158819044e-05
7.483761144718176098e-05
8.581123755582491448e-05
9.768249179467680470e-05
1.109171908937324843e-04
1.254713355357537415e-04
1.410974416548677556e-04
1.578844339652310004e-04
1.761783389679619412e-04
1.961442192831915510e-04
2.176358249096560309e-04
2.405765303368752404e-04
2.650503388188638260e-04
2.910689195737964081e-04
3.184427833766273995e-04
3.471666950591429887e-04
3.774905596618699272e-04
4.098879123959871598e-04
4.449514276180491137e-04
4.834520246996503573e-04
5.263030715533895077e-04
5.745102988759622550e-04
6.291716984122278826e-04
6.915785015406574051e-04
7.633788525315719168e-04
8.466393507643393910e-04
9.438035027228598717e-04
1.057642929274640008e-03
1.191100587915738503e-03
1.347514086638540920e-03
1.530231607998201650e-03
1.742824612301120419e-03
1.988417119736311713e-03
2.270069699951041998e-03
2.589596216642406704e-03
2.947713573261530069e-03
3.343426246502642120e-03
3.773315523218570642e-03
4.232234184126883528e-03
4.711492683287550956e-03
5.200978062109820957e-03
5.687865407561810971e-03
6.160108310945021544e-03
6.605219979743920389e-03
7.015799537127069899e-03
7.393361202784587069e-03
7.753039630256893314e-03
8.147125305779136240e-03
8.650580108969269100e-03
9.304900576764042405e-03
9.957035780957235876e-03
1.023112950240395204e-02
9.750903758292982226e-03
8.411903278779110996e-03
6.400683418956026015e-03
