1.242224594065639255e-05
-3.238713604891647673e-06
2.164294506013456336e-06
1.596846547016905505e-05
1.896234007664476467e-05
1.478003110094008513e-05
1.716021027906409430e-05
2.707999083494980972e-05
3.494980203373955930e-05
3.849491990939669835e-05
4.445463411094756627e-05
5.590841970853637242e-05
6.801255623654866818e-05
7.894988117978731955e-05
9.160079198743794270e-05
1.074628938936993177e-04
1.251529018529686985e-04
1.436645385273409108e-04
1.636887788252984921e-04
1.860995057403272564e-04
2.107867165305824235e-04
2.372656891178393022e-04
2.656886834729108439e-04
2.966826674722913490e-04
3.305407152833480578e-04
3.669954774484347976e-04
4.059224555657495333e-04
4.474916275032909756e-04
4.917345449452119668e-04
5.382907380150712268e-04
5.870973239139611576e-04
6.385019012551837415e-04
6.932072589028873480e-04
7.520880802441372217e-04
8.163196159425395145e-04
8.872922228694933968e-04
9.665324569535290334e-04
1.055635138449994822e-03
1.156371801946421167e-03
1.270960224345110212e-03
1.402054939309490666e-03
1.552686146618449323e-03
1.726126839795332803e-03
1.925574239997013357e-03
2.154366779741706105e-03
2.415208665396428346e-03
2.710543809268549462e-03
3.041563552831818250e-03
3.408865113779688434e-03
3.810757323363072550e-03
4.243793567987915426e-03
4.702330170949247171e-03
5.177894209948694440e-03
5.660741569164728752e-03
6.137940462942705587e-03
6.596498139810324027e-03
7.022106524278515748e-03
7.403737862427218694e-03
7.731727759138981582e-03
8.004547102349119508e-03
8.231939801737333390e-03
8.438095435225780386e-03
8.686006744063810153e-03
9.058691743833276883e-03
9.601065434157072045e-03
1.015845562457547147e-02
1.035382471233727703e-02
9.812577611292422342e-03
8.431772508766220697e-03
6.397215674026779202e-03
4.055125876289179809e-03
