1.535035783259698538e-05
-3.739783297148621291e-06
2.924424515577356289e-06
1.983653179991749210e-05
2.357531033247929533e-05
1.860659521510142370e-05
2.166326754608109025e-05
3.390765709290216335e-05
4.369844054351191550e-05
4.829817781738913351e-05
5.588807281875597324e-05
7.018853278811805322e-05
8.534891615385918021e-05
9.918495867112218662e-05
1.151825620506412675e-04
1.351534999257144850e-04
1.574339066069202150e-04
1.808113274104717141e-04
2.061209522450287450e-04
2.344242515149312276e-04
2.655937362230396210e-04
2.990454029812047824e-04
3.349690599617675501e-04
3.741364059293956850e-04
4.169179034437119243e-04
4.629923080522828620e-04
5.122094581219858913e-04
5.647740683640946422e-04
6.207143113579842832e-04
6.795565703775346966e-04
7.411819832672241967e-04
8.059677813202372311e-04
8.747150087779608646e-04
9.484238844130928872e-04
1.028444153868798448e-03
1.116353292845685035e-03
1.213831510380584868e-03
1.322533586052210535e-03
1.444244520787415272e-03
1.581090426222631897e-03
1.735605031714313557e-03
1.910555612430311738e-03
2.108812582145993143e-03
2.332943968374268876e-03
2.585490916929321283e-03
2.868124555373025887e-03
3.182131745440074187e-03
3.527301570546471227e-03
3.903024640345944835e-03
4.306089558883442921e-03
4.731837686174660516e-03
5.173559103307427166e-03
5.622251123279888019e-03
6.068495459787325540e-03
6.500539839706632843e-03
6.907502657044035758e-03
7.277874072339833057e-03
7.604164266644438362e-03
7.880134338326816659e-03
8.107403349283191785e-03
8.297562065692001831e-03
8.475777226783170679e-03
8.704744640791529584e-03
9.066319346541472368e-03
9.603243780126783508e-03
1.015857442468423924e-02
1.035346597726147580e-02
9.811903464342042538e-03
8.430814270600313007e-03
6.396218492980394743e-03
4.054130997437266869e-03
