3.168305636237222253e-05
-8.286140284379447398e-05
-5.669021984211606338e-05
1.658384364355846191e-05
1.713270317722493836e-05
-2.753583623552470399e-05
-3.511359407860832241e-05
-5.115184881535520764e-06
7.531349872171379187e-06
-7.395550359491286731e-06
-1.421751748661102156e-05
-8.384274910356099816e-07
8.779845669174771438e-06
7.625187331007223665e-06
8.187483629674666586e-06
1.510858571765732322e-05
2.269765590497598576e-05
2.774440017463343820e-05
3.264652497826037929e-05
3.953717424166623196e-05
4.750293273995607313e-05
5.515942181338824623e-05
6.267516818456653953e-05
7.087110545371697273e-05
7.981318052052799946e-05
8.900279052894651585e-05
9.840300211725061541e-05
1.083952965649001549e-04
1.193224238593453750e-04
1.312230502266738404e-04
1.443815288946254550e-04
1.592716552792764243e-04
1.765328361481678177e-04
1.967541310058580379e-04
2.206802206374063838e-04
2.489587226165321200e-04
2.811033525906247153e-04
3.137203357328769630e-04
3.434648796837861859e-04
3.732114963361438716e-04
4.090208583551799672e-04
4.535878808480973490e-04
5.027620067215057527e-04
5.493841906678217923e-04
5.981614146312089729e-04
6.579285343667253547e-04
7.238837547051858593e-04
7.754057103992345081e-04
8.271946711454535115e-04
8.788244293715774102e-04
9.257310605226134548e-04
9.776625606091866958e-04
1.007412762045387577e-03
1.042851253040867794e-03
1.109340753928026021e-03
1.192338967504703124e-03
1.228983864377491573e-03
1.219543922782150187e-03
1.260645509836461585e-03
1.231128494552365810e-03
8.247725589994858979e-04
2.142609341917140560e-04
3.101215746521010177e-05
3.447169192720070515e-04
2.906262164265519649e-04
-4.919662202177315681e-04
-7.101247380875529017e-04
6.917650523563092851e-04
1.625460597250685552e-03
-8.566529662112570094e-04
-3.549760292305858666e-03
