2.199512313816059277e-05
-5.758469725013737035e-05
-3.943171467504174405e-05
1.152386793941700254e-05
1.191292620806751795e-05
-1.924428962271572375e-05
-2.457943225771825271e-05
-3.637945090524764669e-06
5.209893160767967129e-06
-5.294677254803030611e-06
-1.014585358529435602e-05
-7.379478232230720605e-07
6.059926818362289411e-06
5.223912019449476923e-06
5.606746018245813087e-06
1.057222715283388572e-05
1.607235335360236085e-05
1.977334259249496665e-05
2.339088007273513109e-05
2.850030922481519902e-05
3.443613241700258838e-05
4.014750545689645822e-05
4.573898362929598987e-05
5.179632795785634396e-05
5.834759696630052516e-05
6.501265051290108061e-05
7.173513938965795484e-05
7.877685869168720605e-05
8.645418355520713546e-05
9.481285827956407802e-05
1.040680084924358606e-04
1.146423366059556647e-04
1.271104430428337780e-04
1.419832431109709829e-04
1.599155732482595194e-04
1.814938594674126229e-04
2.061492191291836105e-04
2.304485102603456815e-04
2.510461712952445851e-04
2.707862965777926172e-04
2.957509521714318215e-04
3.287674822276108076e-04
3.660770671824270192e-04
4.010902497429516306e-04
4.388148016167799439e-04
4.884989852527257294e-04
5.461540540062680745e-04
5.919827999247784462e-04
6.408222271915206807e-04
6.923648495276691316e-04
7.418792511930717443e-04
7.985049137927273692e-04
8.344610085726166752e-04
8.768944594937396310e-04
9.513039965315663819e-04
1.043789838174350934e-03
1.090851578701025571e-03
1.094391194411882323e-03
1.155240723017355925e-03
1.153021893392334454e-03
7.764516271427494582e-04
1.915789674409992469e-04
2.475368233575076578e-05
3.440479185191553692e-04
2.902996177668498755e-04
-4.911034529287759774e-04
-7.089176535409127825e-04
6.908525407833846985e-04
1.624323048634639501e-03
-8.566509164105037214e-04
-3.552038741241715994e-03
