5.825448059041026155e-06
-1.563194657221992422e-06
9.448825207054909463e-07
7.478235986323820403e-06
8.878931115178049846e-06
6.797927818106935863e-06
7.858518958980098191e-06
1.260997472399205713e-05
1.637122006937751910e-05
1.795724247393762059e-05
2.071079442461690350e-05
2.622908776760912123e-05
3.206703852053931409e-05
3.726226240634714971e-05
4.329330163429496818e-05
5.095672840857003123e-05
5.952831081320328273e-05
6.845669330510615214e-05
7.809746452091138186e-05
8.891647509653092380e-05
1.008451960522175250e-04
1.136045794086705974e-04
1.272662041548751994e-04
1.421748819544263584e-04
1.584937850224191419e-04
1.760789480825100185e-04
1.948541281851920632e-04
2.149048459274956690e-04
2.362077094379324692e-04
2.585052901238272171e-04
2.816783816020302983e-04
3.058410915705355522e-04
3.313045416207804363e-04
3.584911738458645232e-04
3.879800186460407208e-04
4.204573306593326542e-04
4.566453322123364598e-04
4.972915492400827421e-04
5.432796491835794250e-04
5.957952511406323622e-04
6.563858926140885442e-04
7.269142988050932442e-04
8.095225419080905776e-04
9.065505694269953554e-04
1.020676570788317528e-03
1.154740166069209836e-03
1.311891804390829695e-03
1.495294067343089532e-03
1.708248343442419787e-03
1.953599707092737968e-03
2.233436291655729617e-03
2.548609210977304494e-03
2.898344783948637524e-03
3.280628986329236878e-03
3.689856914084276625e-03
4.117320482302623021e-03
4.550619274323345828e-03
4.976409222445185750e-03
5.373770122847978253e-03
5.728035014551976188e-03
6.023902707892189561e-03
6.263487882712040489e-03
6.484186458906772248e-03
6.761879596087421763e-03
7.172265162446047650e-03
7.707075644259205743e-03
8.233567577670838911e-03
