1.749988126890711910e-05
-4.032483009423251800e-06
3.555103279249631827e-06
2.269514145888819115e-05
2.698690210707270935e-05
2.151030155020307067e-05
2.509860849811097809e-05
3.902610941453813468e-05
5.023132091601558428e-05
5.567141009018295177e-05
6.451857471655342193e-05
8.092835774441539860e-05
9.836672321993168212e-05
1.144042366713825763e-04
1.329377970067775153e-04
1.559952159683967575e-04
1.817236126111614872e-04
2.087689259048695304e-04
2.380639307157734672e-04
2.708017291744176623e-04
3.068446395867440997e-04
3.455383169505965709e-04
3.870978597120714815e-04
4.323983819852889022e-04
4.818639741490799420e-04
5.351310331101767062e-04
5.920238757559664498e-04
6.527598658707271578e-04
7.173280825952387408e-04
7.851707200422651436e-04
8.561073200328808870e-04
9.305095582676660817e-04
1.009203727219852229e-03
1.093202862180255074e-03
1.183900292114025560e-03
1.282903664316821122e-03
1.391875925419181273e-03
1.512367863137836516e-03
1.645948285823808574e-03
1.794520875030368662e-03
1.960306898525720608e-03
2.145752164607361498e-03
2.353312649544879887e-03
2.585117848087353006e-03
2.843187166078257541e-03
3.128624021227194903e-03
3.442064830719754158e-03
3.782730391546977773e-03
4.149489916433535958e-03
4.538891744182993633e-03
4.946302201384130369e-03
5.365631148193861742e-03
5.788935534755220401e-03
6.208239221059839649e-03
6.613305100523041158e-03
6.994847611557598183e-03
7.342770579831591794e-03
7.650627897741080381e-03
7.912297530597550699e-03
8.129458955926961716e-03
8.312498047092282960e-03
8.486655480641909152e-03
8.713559649911753816e-03
9.074276293220554651e-03
9.611039824875884652e-03
1.016636766221397890e-02
1.036087405187424183e-02
9.818334065969170840e-03
8.435689435433390421e-03
6.399371842405141356e-03
4.055732076797586780e-03
