1.071733372932073975e-07
-3.116325324252363526e-08
1.563983356681485020e-08
1.362688029529660216e-07
1.615256163986665088e-07
1.232582139684880050e-07
1.424524707993034827e-07
2.277894750521625173e-07
2.945731418581540485e-07
3.226297645591873971e-07
3.713426127067859309e-07
4.678837512385527802e-07
5.693467200692047750e-07
6.596002873033661065e-07
7.640132762368939351e-07
8.957678928371729112e-07
1.042566613339317263e-06
1.195494342493254861e-06
1.360627588015124899e-06
1.545624832766222561e-06
1.749451837995638768e-06
1.967789189148682330e-06
2.201889871669179997e-06
2.457110216778236455e-06
2.735829412569397668e-06
3.035562869899573643e-06
3.355096857167038074e-06
3.695850814015790532e-06
4.058094697462064819e-06
4.438879038033317570e-06
4.837901420007942998e-06
5.258449891913011045e-06
5.706836873695792216e-06
6.190819777979859720e-06
6.720687400501668724e-06
7.308650389035419037e-06
7.968416446155291168e-06
8.714937581792130009e-06
9.565629214257032823e-06
1.054286834208037923e-05
1.167449072773466780e-05
1.299294681562651367e-05
1.453588262510801110e-05
1.634314996320446479e-05
1.846016172003140537e-05
2.093226067592695227e-05
2.380748587911251524e-05
2.712806260107878561e-05
3.093569401188890654e-05
3.525501133302362452e-05
4.009570815922987980e-05
4.544469860606286494e-05
5.125554816891831435e-05
5.745904631379652067e-05
6.393770101809640371e-05
7.055494196429378613e-05
7.713745880705521790e-05
8.352255604873417465e-05
8.954151286069498151e-05
9.509354281792974399e-05
1.002023925170426595e-04
1.050708338050600530e-04
1.104086368591679585e-04
1.172317816399717311e-04
1.261020663522529901e-04
1.349442530687818735e-04
1.386613670704176470e-04
1.321539946702833741e-04
1.140052164573675096e-04
8.674553427586645176e-05
