5.028494643025370199e-05
-1.321003510452279197e-04
-9.018221844282323563e-05
2.575052969024352971e-05
2.643916732295804582e-05
-4.344144162646791169e-05
-5.491283329368039449e-05
-8.358530921716699494e-06
1.105385597296938020e-05
-1.153109474497593019e-05
-2.148128932446180181e-05
-1.178627867534656942e-06
1.328615228277242742e-05
1.194375958823172052e-05
1.325646807754019629e-05
2.371405393255122517e-05
3.506398431944526026e-05
4.290388317708270134e-05
5.064797774363882430e-05
6.119736110989964964e-05
7.332274006952561418e-05
8.516745212727128383e-05
9.700004678073371892e-05
1.099374853493359586e-04
1.240716923726886266e-04
1.387548898230524469e-04
1.539580489075208203e-04
1.701681648554001654e-04
1.877844413478292173e-04
2.068262264852532557e-04
2.276227786449711965e-04
2.506900426714304899e-04
2.766981385616131646e-04
3.062024825885066386e-04
3.399536590019408425e-04
3.785573663209646248e-04
4.214612659505917176e-04
4.650694342247927620e-04
5.057946262353884724e-04
5.462021048756692107e-04
5.920256230976637815e-04
6.453580613556663802e-04
7.012874201365840339e-04
7.518962794581594659e-04
8.015112337381981528e-04
8.586099994098238654e-04
9.179734547078873246e-04
9.590915832502489025e-04
9.973712352863430778e-04
1.033075073231680538e-03
1.062686479604323456e-03
1.097337543061748443e-03
1.110858342288940188e-03
1.131859281543576030e-03
1.185686520467610014e-03
1.257726637140357427e-03
1.285254417056635751e-03
1.267051683280748112e-03
1.298154211344176249e-03
1.257000838019092142e-03
8.394298248716741554e-04
2.202899435585400619e-04
3.247315828967817778e-05
3.447384943431358486e-04
2.905775846951586970e-04
-4.919631743191060173e-04
-7.101318323664478158e-04
6.917894592050753862e-04
1.625421053341089299e-03
-8.565269758615892681e-04
-3.549114032880125186e-03
