8.037691300430919040e-06
-2.466121877859799047e-06
1.054425482145206139e-06
1.016064334711982083e-05
1.203438680416164810e-05
9.091624442570510418e-06
1.049135050638501615e-05
1.688436634287312723e-05
2.186052037000185686e-05
2.389692857366014281e-05
2.748277832867667499e-05
3.466434716521196849e-05
4.220108969210658402e-05
4.887690131380152480e-05
5.660511578071418304e-05
6.637673225898356791e-05
7.726451707506729050e-05
8.859789769688747980e-05
1.008340379957631966e-04
1.145471882917668214e-04
1.296582721812308662e-04
1.458422820753731543e-04
1.631922301122266830e-04
1.821082192496468923e-04
2.027670179655869634e-04
2.249820606664253966e-04
2.486622194900146225e-04
2.739143032954413810e-04
3.007585708323500667e-04
3.289748208063923620e-04
3.585397759380848934e-04
3.896964631770077924e-04
4.229112339586738219e-04
4.587559174457313455e-04
4.979871323283687227e-04
5.415152810282232703e-04
5.903522469786132761e-04
6.456024771750339727e-04
7.085561745205540924e-04
7.808627244324645427e-04
8.645741647950404675e-04
9.621142138255292476e-04
1.076235877859259065e-03
1.209918110145615433e-03
1.366502105610106505e-03
1.549342423520508587e-03
1.761993726104223732e-03
2.007581562276506641e-03
2.289198426405165618e-03
2.608650609884530149e-03
2.966659249085893367e-03
3.362256666005348626e-03
3.792010854739533230e-03
4.250804865549518731e-03
4.729951029425597843e-03
5.219350540927019527e-03
5.706179840047506842e-03
6.178412201957572507e-03
6.623568839584846775e-03
7.034264440196317039e-03
7.412056739541003289e-03
7.772148336756517194e-03
8.166976049683884881e-03
8.671691187663151112e-03
9.327848013305684374e-03
9.981929224921377158e-03
1.025689909602995817e-02
9.775546448036761746e-03
8.433062582682544425e-03
6.416632329333812196e-03
