8.061730439893965584e-06
-2.499712440574576956e-06
1.033544053745743861e-06
1.017905993088790970e-05
1.205433084553202978e-05
9.087961665810217741e-06
1.048342503876925569e-05
1.689424973659490339e-05
2.187877911438264873e-05
2.390747103270137564e-05
2.748964344622300391e-05
3.468161158600613803e-05
4.222632672815392329e-05
4.890332087489670376e-05
5.663395966742239046e-05
6.641284758178513960e-05
7.730885037706874193e-05
8.864891719037147220e-05
1.008918996228074351e-04
1.146139464821368148e-04
1.297351773152673855e-04
1.459295051512908515e-04
1.632899430242222701e-04
1.822173452701258381e-04
2.028889731599423053e-04
2.251174112204891312e-04
2.488112449803669794e-04
2.740777335517988514e-04
3.009373125475325417e-04
3.291692367760447671e-04
3.587498605243937704e-04
3.899220383990630750e-04
4.231521328985360787e-04
4.590116150973472427e-04
4.982568113459682558e-04
5.417978316260976335e-04
5.906461348509062757e-04
6.459075848106080693e-04
7.088715404289377357e-04
7.811878362891178443e-04
8.649080809731262689e-04
9.624553169936045155e-04
1.076589333163633809e-03
1.210268994604880030e-03
1.366853460280058113e-03
1.549697907197391915e-03
1.762344668834478142e-03
2.007929399444270506e-03
2.289542058223002254e-03
2.608996498860682509e-03
2.967008531033423976e-03
3.362606126078047063e-03
3.792359841941200706e-03
4.251148517178467319e-03
4.730293630950144559e-03
5.219686032105686456e-03
5.706514911826879831e-03
6.178773233692451058e-03
6.623901324946409805e-03
7.034529107976287936e-03
7.412470988347562642e-03
7.772489284207807943e-03
8.167328410078895928e-03
8.672064452071919990e-03
9.328252839179660208e-03
9.982338674169581594e-03
1.025735304841991248e-02
9.775978892617992813e-03
8.433432168531710543e-03
6.416908213507036517e-03
