5.706074045622399879e-06
-1.710696037194380624e-06
7.571149839339881368e-07
7.235260293571236328e-06
8.572957681410080867e-06
6.421556818566022477e-06
7.391019397048220739e-06
1.202193802477788193e-05
1.564115131691741573e-05
1.706839808940784645e-05
1.963180729212990648e-05
2.491445330881063985e-05
3.048006124322775011e-05
3.537254491653141875e-05
4.105939674252867614e-05
4.832805071098203301e-05
5.645907558018858121e-05
6.490719644403575522e-05
7.402445782149328930e-05
8.426975265856283725e-05
9.557269060926009915e-05
1.076544609834133846e-04
1.205808530336364992e-04
1.346856130061794296e-04
1.501238806604914976e-04
1.667516333882227331e-04
1.844979968232416995e-04
2.034494657008636108e-04
2.235998151102535161e-04
2.447065971191012056e-04
2.666592792746465767e-04
2.895662976225979522e-04
3.137175708478696576e-04
3.395054353378425260e-04
3.674754858997858757e-04
3.982850465192244119e-04
4.326298672981911315e-04
4.712322232513984645e-04
5.149272918406798622e-04
5.648356549165351424e-04
6.224197017823417978e-04
6.894453920726411819e-04
7.679418585265126431e-04
8.601320284950252386e-04
9.685454039004857745e-04
1.095864029894799956e-03
1.245057045060519053e-03
1.419098372041104018e-03
1.621087992824285246e-03
1.853673541551453113e-03
2.118778681673784241e-03
2.417150452323376959e-03
2.747995485450971994e-03
3.109367333192296703e-03
3.495809379588175024e-03
3.899155863877998719e-03
4.307619114956260167e-03
4.708639451800144746e-03
5.082718117908972474e-03
5.416017964592292726e-03
5.694077147683407683e-03
5.919020206848014075e-03
6.126429695606182106e-03
6.388160442979180613e-03
6.775790490242954156e-03
7.279779606586773109e-03
7.771062909034613664e-03
