4.158830661050003959e-05
-1.088677845352215500e-04
-7.440889807842036982e-05
2.160552958869953427e-05
2.226514886687442566e-05
-3.598913875947858164e-05
-4.573539987997093454e-05
-6.748127516100052483e-06
9.600998114183439172e-06
-9.595776041756042451e-06
-1.823700219367554759e-05
-1.059950519325073446e-06
1.121080506161950203e-05
9.827274424997755147e-06
1.066032969409905263e-05
1.944182133560753346e-05
2.900561275705033849e-05
3.543500751035257821e-05
4.172158826994710074e-05
5.045826859936621586e-05
6.055465778549183674e-05
7.033973285880373144e-05
8.004459499243850534e-05
9.067345187858053804e-05
1.023035054009254012e-04
1.143431983567013571e-04
1.267642510599243093e-04
1.400240103202663833e-04
1.544949118534044718e-04
1.702095734039827388e-04
1.874917149850677852e-04
2.068531218178734762e-04
2.289732769755243756e-04
2.544629639461995583e-04
2.840905855587520660e-04
3.185055500684890362e-04
3.571930457833609961e-04
3.967216294565482438e-04
4.336498202620675600e-04
4.707408208444604733e-04
5.138836701816445812e-04
5.654439458527622158e-04
6.208211893068443137e-04
6.723730767196911279e-04
7.244910307150467842e-04
7.856653848395446244e-04
8.506254686441975946e-04
8.985313779301077209e-04
9.442439429976097866e-04
9.875669024501643450e-04
1.024444839522673607e-03
1.065497982610603663e-03
1.084336923288746002e-03
1.109463739991543071e-03
1.166392242438359355e-03
1.240774961180027324e-03
1.270097544340627457e-03
1.253653138234260816e-03
1.286907593438069196e-03
1.248745197183888031e-03
8.345187731367849750e-04
2.182588291004955710e-04
3.197901771242798693e-05
3.444455526715838175e-04
2.903079423399665946e-04
-4.914434602604490472e-04
-7.093949141946084879e-04
6.911267385339732580e-04
1.624124830881655589e-03
-8.560064244371464294e-04
-3.547433587460461363e-03
