5.705937240996464236e-06
-1.707310866761582541e-06
7.600565633576537501e-07
7.236269768437841591e-06
8.574174029901146201e-06
6.424352125449504858e-06
7.394218191936889480e-06
1.202423583830994268e-05
1.564290355499563530e-05
1.707024416663622420e-05
1.963317910043103253e-05
2.491428741395654205e-05
3.047803913963410499e-05
3.536857864772269169e-05
4.105298078144756571e-05
4.831863609704885445e-05
5.644642723273446839e-05
6.489125377254743605e-05
7.400519878690275802e-05
8.424696282090319817e-05
9.554608962880558080e-05
1.076234748805069840e-04
1.205445031379021129e-04
1.346425382539863608e-04
1.500725950603578500e-04
1.666898240856345872e-04
1.844243905590325786e-04
2.033688451192399924e-04
2.235100897515994152e-04
2.446105751433797306e-04
2.665590309421917684e-04
2.894631591742306571e-04
3.136125516528411972e-04
3.393994405991925954e-04
3.673708635988961720e-04
3.981844832604968269e-04
4.325400957285018694e-04
4.711551080991583252e-04
5.148694294815091060e-04
5.648088977313009493e-04
6.224185094742731156e-04
6.894835089746247743e-04
7.680284368649102677e-04
8.602732932747262761e-04
9.687575715260901207e-04
1.096153207847123294e-03
1.245432751685039393e-03
1.419556275607589037e-03
1.621680162651905526e-03
1.854332764111810920e-03
2.119513240128764048e-03
2.417928899894261716e-03
2.748767653436914437e-03
3.110044285867009060e-03
3.496307961115199293e-03
3.899411889022541544e-03
4.307513309816788337e-03
4.707996326454197758e-03
5.081475714559512483e-03
5.414130223847049041e-03
5.691457314193206635e-03
5.915904336691875376e-03
6.122768672262190147e-03
6.383905700305529327e-03
6.771054295634811211e-03
7.274743689222649620e-03
7.766109098379342206e-03
