7.926570257605529082e-06
-2.304938893361552731e-06
1.156636890641153815e-06
1.007842945390384932e-05
1.194641110646398256e-05
9.116084984560972565e-06
1.053566075553879493e-05
1.684719182168847358e-05
2.178649053436007061e-05
2.386149831746871064e-05
2.746424056328857847e-05
3.460437353764046477e-05
4.210850804361408593e-05
4.878357180735348449e-05
5.650585425780909189e-05
6.625031315293186012e-05
7.710741807371702223e-05
8.841780732604198698e-05
1.006309010153072085e-04
1.143131199756766117e-04
1.293879703901706837e-04
1.455359878057221694e-04
1.628498417783299959e-04
1.817256836106688445e-04
2.023394752235015842e-04
2.245074564217992375e-04
2.481398599469994914e-04
2.733416675848522235e-04
3.001328458088222241e-04
3.282952561887038639e-04
3.578065366973738897e-04
3.889098765926194009e-04
4.220721456385449050e-04
4.578670818163680647e-04
4.970556376610899907e-04
5.405409025202916268e-04
5.893366884500960681e-04
6.445488385140006344e-04
7.074653900322801312e-04
7.797413361769164105e-04
8.634353986644672857e-04
9.609475956563073460e-04
1.075062201579514692e-03
1.208726624732802410e-03
1.365299571880270292e-03
1.548134561582166242e-03
1.760784523174974961e-03
2.006372395148874749e-03
2.287982495097147777e-03
2.607436505395272375e-03
2.965451323850290793e-03
3.361059085206912281e-03
3.790825477340645146e-03
4.249631686095703929e-03
4.728788034010638318e-03
5.218193836906541774e-03
5.705031162500381371e-03
6.177267165893512643e-03
6.622423412611819389e-03
7.033045864213629400e-03
7.410890888970981735e-03
7.770955403466259064e-03
8.165733468664563427e-03
8.670366005454406555e-03
9.326402757427680601e-03
9.980360279691522299e-03
1.025527038282761545e-02
9.773985671629259811e-03
8.431713809789836284e-03
6.415610195500643861e-03
