1.259425592900986070e-05
-3.095777507342134296e-06
2.317470798052597776e-06
1.627653582424942608e-05
1.934675473203793152e-05
1.509166381495355675e-05
1.753030646707211422e-05
2.778425595805613521e-05
3.600030577909730183e-05
3.972443986047083565e-05
4.599113057024467366e-05
5.813638674498020493e-05
7.106340746386609472e-05
8.278501417265812464e-05
9.640061906785716997e-05
1.135806536226526047e-04
1.328303692636035140e-04
1.530059127886614989e-04
1.748500214015544869e-04
1.993421739921491965e-04
2.263426779672727987e-04
2.552613800146041022e-04
2.862473410608474232e-04
3.200419523233963780e-04
3.570180122011971545e-04
3.968943851244935059e-04
4.395334943012234688e-04
4.851498377511897489e-04
5.336874365672629461e-04
5.845579463214059827e-04
6.374115228496010166e-04
6.923524255221711297e-04
7.498732670293567102e-04
8.106650618010875949e-04
8.757895056947280358e-04
9.464999503546566838e-04
1.024024777041348698e-03
1.109428289897871961e-03
1.203757204376470135e-03
1.308372903832516563e-03
1.425021362987953120e-03
1.555744733925029655e-03
1.702612261182298494e-03
1.867553781857950873e-03
2.052400236790674105e-03
2.258564955268318238e-03
2.487281463737451258e-03
2.739178805771893752e-03
3.014715474018269791e-03
3.312907710708586518e-03
3.631512607775047238e-03
3.966727743286841551e-03
4.313220428519433033e-03
4.665497986357234825e-03
5.015050504614277510e-03
5.351818286174820326e-03
5.664362379323274223e-03
5.943269691806541896e-03
6.172696349438579720e-03
6.346879170354213957e-03
6.459925083523912655e-03
6.524122745179885934e-03
6.584274574252143436e-03
6.718248342388124378e-03
6.997885131327930865e-03
7.411481010580727412e-03
7.829197879829948026e-03
8.026640242359715446e-03
7.780857680594119655e-03
6.915692564379600539e-03
5.335605071757329454e-03
