8.061137073730517539e-06
-2.499293539050329329e-06
1.033705366178069124e-06
1.017848462957800605e-05
1.205399795649728364e-05
9.088058695518858558e-06
1.048396671004802641e-05
1.689411153912868992e-05
2.187850042631075129e-05
2.390734095368886945e-05
2.748958114137079489e-05
3.468138971230475361e-05
4.222598139334196159e-05
4.890297477380218329e-05
5.663359358287061178e-05
6.641237988734377767e-05
7.730826819065173320e-05
8.864825031639590259e-05
1.008911480623242895e-04
1.146130075254383162e-04
1.297341731825056913e-04
1.459283643942553869e-04
1.632886662230494514e-04
1.822159131853263504e-04
2.028873686433229370e-04
2.251156279575785028e-04
2.488092821304667846e-04
2.740755850927939648e-04
3.009349689802188598e-04
3.291667002627897973e-04
3.587471290394435991e-04
3.899191656289560442e-04
4.231490527048419525e-04
4.590083216595681830e-04
4.982533196781553002e-04
5.417941815771834752e-04
5.906427346454589961e-04
6.459036815039929675e-04
7.088670891408875574e-04
7.811836282062906622e-04
8.649037824854771120e-04
9.624507890726517311e-04
1.076584707246304928e-03
1.210264321461198113e-03
1.366848719463801621e-03
1.549693107925658852e-03
1.762339831602235127e-03
2.007924532057135669e-03
2.289538283778227296e-03
2.608991649303337833e-03
2.967006639648176337e-03
3.362601436818390271e-03
3.792352809039615386e-03
4.251143954654400432e-03
4.730288942064804665e-03
5.219681331316785959e-03
5.706510179676699442e-03
6.178740799926046683e-03
6.623896486461250399e-03
7.034524182738431490e-03
7.412465931696182904e-03
7.772484065262145157e-03
8.167322919293567782e-03
8.672058538265973310e-03
9.328246342534863428e-03
9.982331569428400803e-03
1.025734560957295392e-02
9.775971688419943934e-03
8.433425988292463094e-03
6.416903588852629695e-03
