1.000000000000000355e+01
1.105170918075648245e+01
1.221402758160170166e+01
1.349858807576003095e+01
1.491824697641270525e+01
1.648721270700128372e+01
1.822118800390509463e+01
2.013752707470477787e+01
2.225540928492467430e+01
2.459603111156950206e+01
2.718281828459045713e+01
3.004166023946434194e+01
3.320116922736549014e+01
3.669296667619244090e+01
4.055199966844677562e+01
4.481689070338065761e+01
4.953032424395116351e+01
5.473947391727202216e+01
6.049647464412946363e+01
6.685894442279273164e+01
7.389056098930652183e+01
8.166169912567656297e+01
9.025013499434125208e+01
9.974182454814719279e+01
1.102317638064160690e+02
1.218249396070347643e+02
1.346373803500169970e+02
1.487973172487284046e+02
1.644464677109704951e+02
1.817414536944307315e+02
2.008553692318767503e+02
2.219795128144164948e+02
2.453253019710935803e+02
2.711263892065788923e+02
2.996410004739702799e+02
3.311545195869232430e+02
3.659823444367801244e+02
4.044730436006741456e+02
4.470118449330082058e+02
4.940244910553020645e+02
5.459815003314424757e+02
6.034028759736202119e+02
6.668633104092516533e+02
7.369979369959579572e+02
8.145086866496816356e+02
9.001713130052183942e+02
9.948431564193390386e+02
1.099471724521235274e+03
1.215104175187349938e+03
1.342897796849355700e+03
1.484131591025766738e+03
1.640219072999018863e+03
1.812722418751512578e+03
2.003368099747918677e+03
2.214064162041872805e+03
2.446919322642204406e+03
2.704264074261528549e+03
2.988674009670603937e+03
3.302995599096492697e+03
3.650374678653286992e+03
4.034287934927355764e+03
4.458577700825172542e+03
4.927490410932564373e+03
5.445719101259300260e+03
6.018450378720818662e+03
6.651416330443626066e+03
7.350951892419734577e+03
