2.727442103430013340e-05
-7.134667298162968355e-05
-4.883201155106927402e-05
1.429304959053299791e-05
1.477244090002204481e-05
-2.376798360930208525e-05
-3.033585905391362664e-05
-4.437473161190448392e-06
6.495524073852522016e-06
-6.438813469916516463e-06
-1.237933059888935032e-05
-7.814919084154211990e-07
7.578908400571754394e-06
6.566459820925868084e-06
7.046854434317354358e-06
1.310277099446735187e-05
1.977240352942046650e-05
2.422372729585596773e-05
2.855250450452097443e-05
3.465125443217720145e-05
4.170695146550492505e-05
4.847961239915579452e-05
5.510844052463151132e-05
6.230796621403793527e-05
7.013323787727160591e-05
7.813670679914080648e-05
8.627314033081119951e-05
9.487825519902582001e-05
1.042829465304824537e-04
1.145285038387679601e-04
1.258749413730666513e-04
1.387674424847367663e-04
1.538163655035365953e-04
1.715819903945458571e-04
1.927792019111634534e-04
2.180272411227811432e-04
2.468199823402129271e-04
2.757736610563891436e-04
3.015382306888061774e-04
3.269876186079021451e-04
3.582238163466173282e-04
3.980193179776590133e-04
4.424300869650279566e-04
4.845737867888830924e-04
5.292883772379367892e-04
5.856134787451590948e-04
6.490902800246573867e-04
6.994024485665431860e-04
7.512516191332812990e-04
8.042441065391920394e-04
8.537200548794508966e-04
9.091583119173255985e-04
9.431247995166099725e-04
9.831939231677102892e-04
1.054683119566172771e-03
1.143047385175722814e-03
1.185118319129093356e-03
1.181746069475084985e-03
1.230391159582711579e-03
1.209664990195396866e-03
8.123992643863985150e-04
2.095435753490872978e-04
2.996942299539923990e-05
3.438613721728174056e-04
2.900944971653890078e-04
-4.914027515222075789e-04
-7.097443568183395236e-04
