3.545064636314574009e-05
-9.272237067784923901e-05
-6.341450055812964054e-05
1.851967737160258864e-05
1.911882680927678746e-05
-3.075203400791626761e-05
-3.917409119587207656e-05
-5.714677939118537408e-06
8.364688596043014308e-06
-8.225752876668426553e-06
-1.577049181802873284e-05
-9.129321163410169560e-07
9.741250994987455888e-06
8.478653925105185683e-06
9.122850624258366193e-06
1.675866969274415223e-05
2.510510257900761623e-05
3.066070241584386777e-05
3.606383518632708319e-05
4.363566048420001146e-05
5.239103832422167193e-05
6.082880420119492318e-05
6.914302104172497443e-05
7.823457262309052921e-05
8.817377012155138002e-05
9.842334122699630079e-05
1.089499514804450004e-04
1.201678046037440946e-04
1.324313192810855041e-04
1.457771555865961075e-04
1.605563603170781343e-04
1.771150385877887947e-04
1.962593644437070708e-04
2.185443186463438352e-04
2.447281250430982636e-04
2.754736411232488742e-04
3.102898097142851473e-04
3.457728072996825029e-04
3.785667907136344278e-04
4.115168240523681261e-04
4.506281871075054428e-04
4.984846925967265996e-04
5.507518243554947136e-04
6.000727140403728328e-04
6.510092255351822461e-04
7.122485298047990599e-04
7.787245108949820884e-04
8.295699991482542029e-04
8.795228005045683259e-04
9.283439245418871524e-04
9.718180813689050474e-04
1.019995303260051505e-03
1.045727601771463591e-03
1.076903807879385500e-03
1.139003743550723573e-03
1.217755271280780011e-03
1.250694326491200072e-03
1.237660263922778399e-03
1.274406649489737446e-03
1.240107974549911531e-03
8.297823051534882442e-04
2.163832261159577769e-04
3.146946253538572454e-05
3.448425015492103014e-04
2.907915995985600266e-04
-4.923026740173377285e-04
-7.105233003086947009e-04
6.920397293938774152e-04
1.625721333090311303e-03
-8.565866493571664547e-04
-3.549212697801988007e-03
