5.676263989728053510e-06
-1.733907357348166687e-06
7.230409280955215194e-07
7.182065573469701552e-06
8.506922809268455945e-06
6.345850828285874065e-06
7.297584413752966037e-06
1.190129517252312219e-05
1.549083713199790995e-05
1.688738945985085335e-05
1.941301068509620516e-05
2.464750335441678850e-05
3.015819782599228342e-05
3.499035806818717688e-05
4.060871805421723614e-05
4.779924249832711767e-05
5.584373332652241805e-05
6.419781152903095514e-05
7.321265228555723587e-05
8.334562483019757387e-05
9.452588571154514304e-05
1.064725047775398961e-04
1.192491841713714141e-04
1.331886390839984624e-04
1.484441637898776742e-04
1.648723006639533049e-04
1.824020738491924875e-04
2.011271564014636395e-04
2.210377681949030797e-04
2.418934952131098002e-04
2.635812562968625674e-04
2.862035138323309699e-04
3.100432667906940555e-04
3.354850956432207779e-04
3.630685379690108379e-04
3.934431663267433333e-04
4.272983294486953757e-04
4.653403639383850844e-04
5.083890218941201303e-04
5.575470205343444410e-04
6.142486660688174695e-04
6.802445374302101312e-04
7.575268466103148501e-04
8.482888773381228259e-04
9.550238258945494127e-04
1.080371665612364813e-03
1.227275450674921537e-03
1.398658549593337526e-03
1.597585855618168004e-03
1.826673433054484428e-03
2.087821679289349718e-03
2.381773139985108364e-03
2.707756560034278899e-03
3.063884538626682544e-03
3.444749544125996418e-03
3.842369787434661305e-03
4.245173626216608605e-03
4.640738231816499311e-03
5.009957991528382615e-03
5.339140349248649130e-03
5.614196216618337967e-03
5.837164588153757189e-03
6.042812757821367994e-03
6.302083092614781286e-03
6.685772716464872222e-03
7.184875047326061762e-03
7.672469159125516920e-03
