5.409306048941236511e-06
1.180175438959411130e-06
3.311896469178830049e-06
8.129796508129791816e-06
9.832975907002299354e-06
9.455756249292716125e-06
1.127048556612734915e-05
1.570413781690466854e-05
1.974602750587049285e-05
2.260143684411478182e-05
2.649886811868853049e-05
3.257556986528032950e-05
3.920413304316689611e-05
4.570980911720812847e-05
5.312738862318955888e-05
6.205258180087748921e-05
7.198540420957684363e-05
8.252771429011124856e-05
9.395130664140877998e-05
1.066328086525124156e-04
1.205551526041043073e-04
1.355361936921860538e-04
1.516627748187712895e-04
1.692342026201443088e-04
1.884036871613468044e-04
2.090611717632450350e-04
2.311432209045331972e-04
2.547145017018876225e-04
2.797793270588557119e-04
3.061806468092876884e-04
3.339338067175968202e-04
3.633013992598146729e-04
3.947654746836108783e-04
4.289417180344089068e-04
4.666147771097633274e-04
5.086969075050361755e-04
5.561901051704899648e-04
6.101799991274134806e-04
6.719555960919262666e-04
7.431765333527466395e-04
8.259295199821168124e-04
9.226737474721951899e-04
1.036185668713367897e-03
1.169387809782060014e-03
1.325604227869333620e-03
1.508179269002688731e-03
1.720710610770038139e-03
1.966282596341492866e-03
2.247569336738751509e-03
2.567574135294614472e-03
2.925793389751186937e-03
3.321605563626298455e-03
3.751588307294335956e-03
4.210573930771730963e-03
4.689883505693615180e-03
5.179395749896420834e-03
5.666320612115501379e-03
6.138489267495637197e-03
6.583491192747802437e-03
6.993697139966854187e-03
7.371040130270517174e-03
7.730132577171942854e-03
8.123288905798362741e-03
8.625263897996369306e-03
9.277337167445207089e-03
9.927208487469455292e-03
1.020018509444810956e-02
9.721261224630586839e-03
8.386263462559696846e-03
6.381222817733076327e-03
