5.585093573798234939e-06
-1.840807250881393958e-06
5.851620842606799178e-07
7.000610609942258287e-06
8.279155790503276699e-06
6.067409707916594981e-06
6.952096720290792197e-06
1.146712800595691570e-05
1.495295071176475074e-05
1.623323106067515247e-05
1.861974413734001016e-05
2.368357945202685446e-05
2.899762394072451303e-05
3.361051556682288175e-05
3.898024006265999344e-05
4.588757025163411749e-05
5.361715704645990074e-05
6.162782886542961822e-05
7.026844970683982655e-05
7.999194092717135617e-05
9.072481810798730046e-05
1.021858225278550562e-04
1.144339121936210744e-04
1.277930195648218639e-04
1.424118550760548863e-04
1.581471275587416749e-04
1.749312913267277658e-04
1.928634523157486170e-04
2.119422038715816560e-04
2.319360114036324294e-04
2.527337958994564692e-04
2.744285602912762204e-04
2.972835123524487900e-04
3.216589570522729378e-04
3.480690961838278337e-04
3.771430877203900650e-04
4.095481429957126859e-04
4.459578163039483456e-04
4.871601255929620738e-04
5.341941782927435130e-04
5.884288693997286393e-04
6.515364267632606666e-04
7.254203652065615562e-04
8.121767133768665421e-04
9.141825692908182996e-04
1.033959776753009879e-03
1.174291554632872015e-03
1.337978151555437121e-03
1.527954376117733951e-03
1.746662378805350540e-03
1.995910658275096370e-03
2.276387551044334236e-03
2.587329963104245418e-03
2.926868463692109887e-03
3.289961326172962438e-03
3.668932843389386723e-03
4.052646603649871435e-03
4.429492018521086726e-03
4.781316906809517965e-03
5.095164272617235326e-03
5.357691888080609414e-03
5.570837231995578488e-03
5.767690360172314512e-03
6.016055122580647209e-03
6.383679019145603248e-03
6.861310307688270500e-03
7.326026231427052240e-03
