5.553025753226786885e-06
-1.873245177478184188e-06
5.414375176418561058e-07
6.938415978557577725e-06
8.201069787804607519e-06
5.975127569655909418e-06
6.837846803542438673e-06
1.131996523691689509e-05
1.476857284788411670e-05
1.601023904862273843e-05
1.834927840913853366e-05
2.335070759650933862e-05
2.859255153052302399e-05
3.312655118499043195e-05
3.840558253388347189e-05
4.520638584857612644e-05
5.281584926299451858e-05
6.069543106065371842e-05
6.919258535211036747e-05
7.875768367169086589e-05
8.931732354141688258e-05
1.005915360803403153e-04
1.126382871899342836e-04
1.257780385577296554e-04
1.401568757584608174e-04
1.556321101779245130e-04
1.721326943781159580e-04
1.897607629129321007e-04
2.085156832653934202e-04
2.281714079205124672e-04
2.486217072573337298e-04
2.699618633683431666e-04
2.924537285568954499e-04
3.164522897830420703e-04
3.424642006117275400e-04
3.711071024474082189e-04
4.030399406279923272e-04
4.389348859695844625e-04
4.795652201848096688e-04
5.259670272147528181e-04
5.794817884092533190e-04
6.417608880157837448e-04
7.146772764615440211e-04
8.003075873362084161e-04
9.010071327926008102e-04
1.019267544764661032e-03
1.157825106711162172e-03
1.319410720937758087e-03
1.506926653384780320e-03
1.722768960366376874e-03
1.968706936689637935e-03
2.245403133187838345e-03
2.552084512231291707e-03
2.886877639778041675e-03
3.244782880011937327e-03
3.618214309602672731e-03
3.996174803202248542e-03
4.367254226153411203e-03
4.713445910987401101e-03
5.022131143732289950e-03
5.280160095986811269e-03
5.489500184251684678e-03
5.682659044996025630e-03
5.926589609860348322e-03
6.287972591448551772e-03
6.757166694398462556e-03
7.211992190665806463e-03
