7.636937583983230928e-06
-1.884006831568592875e-06
1.423256824760846995e-06
9.866293746396034340e-06
1.171971066144986113e-05
9.181471958751323540e-06
1.065295492985607819e-05
1.675390950855402814e-05
2.159902411853363821e-05
2.377440693680520596e-05
2.742258190931354042e-05
3.445598863222746260e-05
4.187776779729947263e-05
4.855190204360728621e-05
5.626006611842020752e-05
6.593616353106686204e-05
7.671654931185667773e-05
8.796945792669647827e-05
1.001248118010778090e-04
1.137292121616461700e-04
1.287127529034345138e-04
1.447700013295483536e-04
1.619927885978737054e-04
1.807676246514009703e-04
2.012685297094638447e-04
2.233190825757001103e-04
2.468313880804350654e-04
2.719068680534725627e-04
2.985636034497824473e-04
3.265887678555323562e-04
3.559619711696500322e-04
3.869288830361209829e-04
4.199566639093900043e-04
4.556227040405634609e-04
4.946872006587139849e-04
5.380606418223267667e-04
5.867531442778764006e-04
6.418684560256221862e-04
7.046971044570887093e-04
7.768876210923019148e-04
8.604956309200288613e-04
9.579470960776425952e-04
1.072007432553223095e-03
1.205631707608995897e-03
1.362173469239660959e-03
1.544985210917031691e-03
1.757622219595731923e-03
2.003221199669467066e-03
2.284860841319342854e-03
2.604347104977183108e-03
2.962389043123877901e-03
3.357988570108871255e-03
3.787749169938486437e-03
4.246547933769687262e-03
4.725708713780642570e-03
5.215116331820187322e-03
5.701955491199540982e-03
6.174185509167029288e-03
6.619328544636882312e-03
7.029926644669088655e-03
7.407732529128059282e-03
7.767727760954849792e-03
8.162384281576930134e-03
8.666607439555541054e-03
9.322544320545049154e-03
9.976183713451079044e-03
1.025094482648364509e-02
9.769849757889302252e-03
8.428154623391836617e-03
6.412928783995699988e-03
