5.668215486316419169e-06
-1.734198322225098058e-06
7.197759312461976572e-07
7.172000850880817299e-06
8.495415678449093824e-06
6.335990993401237629e-06
7.286528256012043577e-06
1.188652209476360902e-05
1.547363005945537619e-05
1.686936005099644737e-05
1.939375293727207925e-05
2.462653054372374473e-05
3.013627483039293451e-05
3.496824216062307118e-05
4.058691316104064649e-05
4.777853500364577798e-05
5.582489629229672864e-05
6.418118752366390217e-05
7.319834228219928738e-05
8.333364686128958614e-05
9.451526313717798021e-05
1.064632722668827457e-04
1.192400568181662643e-04
1.331773347850195605e-04
1.484308329104801021e-04
1.648567361733001984e-04
1.823841986485076443e-04
2.011065003443021453e-04
2.210121207467199186e-04
2.418570689914223285e-04
2.635237696037606475e-04
2.861100546415994150e-04
3.098956302616779983e-04
3.352638957185229314e-04
3.627541900049960745e-04
3.930148580305636071e-04
4.267278572810508986e-04
4.645889282557988235e-04
5.074109933141549098e-04
5.562893476623655435e-04
6.126493208030481296e-04
6.782340287860067797e-04
7.550248531577731341e-04
8.452044549011259985e-04
9.512503033702790402e-04
1.075801922820449324e-03
1.221782756632368771e-03
1.392137064263483746e-03
1.589953880267585455e-03
1.817793567284548819e-03
2.077604706784238597e-03
2.370158855284049560e-03
2.694734669426785550e-03
3.049455685639464002e-03
3.429125166395998858e-03
3.825717512769474631e-03
4.227748192033477584e-03
4.622927081018881473e-03
4.992233162999043516e-03
5.321968371829730905e-03
5.598104086288626866e-03
5.822411770119152036e-03
6.029643368761364655e-03
6.290525169056441525e-03
6.675457868505529739e-03
7.176189652727559855e-03
7.666306289974564661e-03
