1.046075263024545932e-05
-2.853160650778047026e-06
1.703556534805069204e-06
1.339088749023170769e-05
1.589063744988738873e-05
1.228020107494664661e-05
1.423101543737172102e-05
2.257962792634926860e-05
2.916677277895816635e-05
3.205078394429803365e-05
3.696200988821997933e-05
4.652371678424801940e-05
5.660591708858193254e-05
6.565623726235025220e-05
7.612568299115468780e-05
8.928914133727089875e-05
1.039645102568159760e-04
1.192927398027930912e-04
1.358618440452855200e-04
1.544142702828308548e-04
1.748536286958523645e-04
1.967652876645148527e-04
2.202756735187786459e-04
2.459118216344049058e-04
2.739155705085452542e-04
3.040549826219480557e-04
3.362202070907336434e-04
3.705543189800223442e-04
4.070847535784904016e-04
4.455155375474048694e-04
4.858063839183162226e-04
5.282657935757918699e-04
5.735012124205524173e-04
6.222663538526365451e-04
6.755694709355083592e-04
7.346079589827334694e-04
8.007119358517709269e-04
8.752998386652873462e-04
9.599975841777675517e-04
1.056856649775216603e-03
1.168381663917101871e-03
1.297486550057252172e-03
1.447386450773125799e-03
1.621428801590317839e-03
1.823194212805764099e-03
2.055987537470095345e-03
2.323014187211949917e-03
2.626578110626982040e-03
2.968514338370015822e-03
3.348662630919737107e-03
3.765203764263749895e-03
4.214077308205485539e-03
4.688370287709941672e-03
5.179506025395672932e-03
5.675360701521478014e-03
6.163152402924135763e-03
6.628000911570306429e-03
7.057488235339260882e-03
7.439618599007684872e-03
7.769568739722827397e-03
8.053442163832542217e-03
8.311642489060643707e-03
8.604187397769438167e-03
9.012013889495459201e-03
9.579974603878415804e-03
1.015509576091529892e-02
1.036195692071558393e-02
9.826530968299084998e-03
8.446760995677973435e-03
6.409919799475033951e-03
4.064023961534850814e-03
