4.262915440047269925e-06
-2.118889144316840041e-06
-2.132801079696635772e-07
5.033449664586315898e-06
5.904213667621095241e-06
3.775669892196588894e-06
4.213559476609622050e-06
7.671615438000610549e-06
1.019316456067468997e-05
1.076592611283902974e-05
1.219499522598076258e-05
1.581838495561825844e-05
1.956474486129102194e-05
2.261318781437599858e-05
2.620691354734994307e-05
3.101771070436489100e-05
3.643157330035897893e-05
4.197881123223891282e-05
4.795337396134964560e-05
5.474091903078110442e-05
6.226542406570402131e-05
7.026471420849729206e-05
7.877046083642112674e-05
8.804966479779756459e-05
9.822625073407539301e-05
1.091816940871189265e-04
1.208790792104589174e-04
1.334383011249038126e-04
1.468879117686307072e-04
1.610285069081573127e-04
1.757245955689135358e-04
1.909722026416199559e-04
2.068820056053124947e-04
2.236408835932585852e-04
2.415946485566229077e-04
2.612034059295501183e-04
2.829486989582058096e-04
3.072644783461549135e-04
3.345825281400161932e-04
3.655073692629051338e-04
4.008771918457893673e-04
4.417837885839386090e-04
4.894576580868858747e-04
5.452617934075353187e-04
6.107053226891490712e-04
6.874117622530686840e-04
7.771811314653297772e-04
8.818451744017654064e-04
1.003361228905013790e-03
1.143371026872054943e-03
1.303138642408953416e-03
1.483265612355454642e-03
1.683421735652128022e-03
1.902610429230390272e-03
2.137781626123151646e-03
2.384153676311978175e-03
2.634858848161860962e-03
2.882505043938676098e-03
3.115485132303381661e-03
3.325643681216953595e-03
3.504171892600465698e-03
3.652271878270229883e-03
3.790884151292623835e-03
3.964316465526768890e-03
4.218037930351296871e-03
4.547010836935498103e-03
4.869760847676451489e-03
