7.926572158752141181e-06
-2.304939447077058185e-06
1.156637167220529375e-06
1.007843187069097700e-05
1.194641397108758029e-05
9.116087169793451542e-06
1.053566328088720304e-05
1.684719586062734145e-05
2.178649575754762488e-05
2.386150403764807960e-05
2.746424714680289418e-05
3.460438183285118806e-05
4.210851813761669858e-05
4.878358350107183869e-05
5.650586780221009169e-05
6.625032903278782980e-05
7.710743655563115503e-05
8.841782851848675870e-05
1.006309251345429513e-04
1.143131473737883858e-04
1.293880014008934819e-04
1.455360226861910440e-04
1.628498808078984185e-04
1.817257271636557722e-04
2.023395237163763390e-04
2.245075102269386991e-04
2.481399194152177643e-04
2.733417330921031601e-04
3.001329177358352351e-04
3.282953348639673250e-04
3.578066224441080385e-04
3.889099697924768462e-04
4.220722467852270807e-04
4.578671915412197736e-04
4.970557567779088299e-04
5.405410320593339885e-04
5.893368296845876179e-04
6.445489929822253040e-04
7.074655595813374338e-04
7.797415230507559469e-04
8.634356056007071309e-04
9.609478259679826761e-04
1.075062459247123512e-03
1.208726914443309730e-03
1.365299899125729322e-03
1.548134932658503651e-03
1.760784945229807667e-03
2.006372876078257872e-03
2.287983043536198462e-03
2.607437130415479407e-03
2.965452034694575269e-03
3.361059890885604879e-03
3.790826386040182638e-03
4.249632704774758234e-03
4.728789167544123276e-03
5.218195087747491689e-03
5.705032530028782654e-03
6.177268646604726875e-03
6.622425000010299413e-03
7.033047550017476612e-03
7.410892665320261211e-03
7.770957266096453243e-03
8.165735425893707808e-03
8.670368083608874510e-03
9.326404992786739914e-03
9.980362671737772612e-03
1.025527284068710777e-02
9.773988014047734277e-03
8.431715830427285313e-03
6.415611732904211162e-03
