2.006624128427035564e-05
3.522499917606102221e-05
5.022151253288209452e-05
6.464701620176878762e-05
7.797254374971828426e-05
9.319312634547993637e-05
1.047587991979780217e-04
1.175279005530840509e-04
1.299925306893524055e-04
1.414192228757238129e-04
1.544132334458959966e-04
1.681788436545349598e-04
1.801764508869691905e-04
1.938094366980289487e-04
2.069075125483347372e-04
2.225301662804493965e-04
2.379410823547029497e-04
2.538704277900332221e-04
2.727297436099256804e-04
2.891993689688647051e-04
3.075054647761185428e-04
3.272511860296048350e-04
3.475352506943072176e-04
3.709492103235513018e-04
3.931051874929932292e-04
4.179707658747388297e-04
4.407244368831308859e-04
4.675773935592932810e-04
4.928790006892325203e-04
5.212932076551698990e-04
5.518103013375623422e-04
5.814722536357848793e-04
6.102000476334658351e-04
6.416489827318959480e-04
6.759051206035383060e-04
7.067783227004161136e-04
7.400758879521678263e-04
7.739074073123327355e-04
8.096545505312762033e-04
8.444835156203595993e-04
8.830063591065066657e-04
9.187605309125535229e-04
9.537249016368045838e-04
9.924945195502606846e-04
1.031013039352585755e-03
1.069391005046651730e-03
1.108395626800848938e-03
1.148123941506463529e-03
1.186661916762455542e-03
1.234872447826166914e-03
1.276208779645626084e-03
1.322915897204203104e-03
1.364228933733160551e-03
1.409396928648164920e-03
1.467045059426892381e-03
1.522629996119705988e-03
1.585040740364625526e-03
1.650074486812613947e-03
1.730118175718409548e-03
1.802108007357632481e-03
1.887843297147349855e-03
1.970264631815999909e-03
2.060842018495113656e-03
2.151173208179405286e-03
2.237677956022093937e-03
2.317056402392699520e-03
2.416916211207733017e-03
2.507930708070373396e-03
2.593592063572080792e-03
2.696068213895476667e-03
2.788990639575101519e-03
2.898422022534210933e-03
2.998334101590356422e-03
3.100635463264971112e-03
3.217223954660996046e-03
3.337152630889900565e-03
3.461534165079886444e-03
3.584780094617810199e-03
3.714811864584501803e-03
3.857405472456092860e-03
4.002778067141771548e-03
4.155325404386966265e-03
4.313269847627096767e-03
4.504754497739557606e-03
4.668705482325319865e-03
4.878597127254230732e-03
5.078315227874499564e-03
5.307252075906092326e-03
5.536890832529998106e-03
5.792581529951251924e-03
6.072329969807158632e-03
6.350055021495507046e-03
6.658282407279441685e-03
7.001310733156231210e-03
7.386526450210807032e-03
7.726893503078280726e-03
8.183224356118684248e-03
8.603050302412224709e-03
9.140296806249651254e-03
