4.696370943892752945e-08
2.761804604176595483e-08
1.895965173268998476e-08
1.466685096934618243e-08
1.054208357105468841e-08
9.314465196004338082e-09
7.276277894920426315e-09
6.349825035887725778e-09
5.300083151898035744e-09
4.784183079034428747e-09
4.080735368142016651e-09
3.733849362928487714e-09
3.425354273738877215e-09
3.076871480733100731e-09
2.784389083983578347e-09
2.610268826900232764e-09
2.467740072154394906e-09
2.285448714767828151e-09
2.233202868778073358e-09
2.071941406196889954e-09
1.937140349661178033e-09
1.787644714446471471e-09
1.716569371215285778e-09
1.662810168490383700e-09
1.610210175761903261e-09
1.520463303661341436e-09
1.442964068169520322e-09
1.411887194355873823e-09
1.348308023899064647e-09
1.273572461167399146e-09
1.264334608771849973e-09
1.195744349527233389e-09
1.157932932595497315e-09
1.127103244268523818e-09
1.099241955839474319e-09
1.056096654914512529e-09
1.030912629264424719e-09
9.995922484145714083e-10
9.677698632921979207e-10
9.594937022339496231e-10
9.206520509781744224e-10
8.846647672840410435e-10
8.623627587917905278e-10
8.448474151685455942e-10
8.075533382430313189e-10
8.070030433312571269e-10
7.873602728125675471e-10
7.575264474252404645e-10
7.428461149852101516e-10
7.193890928025288751e-10
7.114312843246004425e-10
6.901006266373192551e-10
6.681392537303190370e-10
6.498248805296336755e-10
6.361572817799703432e-10
6.213203216135562603e-10
6.052878922091757620e-10
5.922205930330789764e-10
5.771451398025923947e-10
5.652637402188338190e-10
5.527112352670211063e-10
5.402710145065438645e-10
5.227131077929135319e-10
5.102535796403257340e-10
4.940982388053396412e-10
4.824537357641828630e-10
4.787659049368988884e-10
4.652327743624055244e-10
4.538705581185015112e-10
4.445870015573758878e-10
4.357705900695853050e-10
4.248808148438225062e-10
4.189910415180365334e-10
4.081366459878491706e-10
4.060978844555517491e-10
3.943422185585998041e-10
3.837225460380392998e-10
3.718573633465797897e-10
3.712954984693140768e-10
3.545628263233884619e-10
3.461543835664807792e-10
3.420448329077579690e-10
3.409651679995114615e-10
3.292737659713433165e-10
3.223434832956281174e-10
3.173873812714269450e-10
3.080476101022380134e-10
2.998862684862977521e-10
2.935021213283120669e-10
2.848915091244450805e-10
2.820965362583351785e-10
2.732328823319891384e-10
2.742155090531270931e-10
2.687428163721003398e-10
2.645429726319078607e-10
2.582056724014736244e-10
2.529739113070423047e-10
2.464747133460017433e-10
2.419983586421644400e-10
2.397236820409303634e-10
2.359461121190050544e-10
2.307174324737555174e-10
2.272307466004742182e-10
2.201997502801314327e-10
2.217582000316450480e-10
2.190980762773885034e-10
2.148565152794158527e-10
2.098185421191473061e-10
2.062357678649385860e-10
2.036591272587290848e-10
2.019115126786907043e-10
1.984094745871609324e-10
1.961626848039539459e-10
1.947195880296042468e-10
1.911286151383023482e-10
1.921869136982039287e-10
1.870598100808258388e-10
1.860985585165435482e-10
1.841126879997943410e-10
1.793074628348887930e-10
1.794320852793026546e-10
1.786876737564929884e-10
1.758372177909983364e-10
1.720488160037921623e-10
1.733710956349164477e-10
1.697806754286169883e-10
1.682512944152325421e-10
1.665422410467966013e-10
1.649426781950476724e-10
1.642122868798183112e-10
1.617038982300028257e-10
1.606823101470335092e-10
1.583290025834986744e-10
1.567371585223634395e-10
1.554225818821945873e-10
1.535664974986141657e-10
1.524570610296788389e-10
1.500935676211689478e-10
1.486470985971227013e-10
1.487355542512018279e-10
1.472202605164764572e-10
1.473658660670810734e-10
1.457515718880139269e-10
1.450087438036310681e-10
1.418484873825954535e-10
1.406808279664677641e-10
1.394742399561514167e-10
1.369845916754687046e-10
1.367901343748735102e-10
1.353513325614961417e-10
1.335877236913173714e-10
1.315582613953845847e-10
1.324444828401965833e-10
1.307329426669566610e-10
1.302026322590234348e-10
1.278022445976471081e-10
1.262513692769643793e-10
1.263603987133696600e-10
1.240359090823545438e-10
1.214600717740782624e-10
1.216697656857388202e-10
1.199725809822060888e-10
1.196263974871079598e-10
1.151939925570435441e-10
1.147159692725091067e-10
1.133340847849637213e-10
1.115380190413649214e-10
1.117410515369427097e-10
1.092773989637734448e-10
1.074413332355076196e-10
1.054340172391217109e-10
1.061394617862853463e-10
1.039823742060842815e-10
1.022548026150312635e-10
1.013790977323977524e-10
1.006879010532240577e-10
9.840674996411161611e-11
9.894273983435683811e-11
9.638765196918213693e-11
9.594081826341597706e-11
9.283289380764088788e-11
9.263937368086444296e-11
9.062857724417058597e-11
8.940743017734303285e-11
8.789970643526645769e-11
8.647825185655326616e-11
8.521220211449748766e-11
8.367573405015168430e-11
8.221261950778288709e-11
8.101057931015695875e-11
8.048996319220974496e-11
7.750654857152347091e-11
7.686050167143711304e-11
7.514936068218550510e-11
7.437469956874835017e-11
7.300349345157614614e-11
7.219373526199370629e-11
7.042929058156547249e-11
6.917138827815736090e-11
